0 0.1357421875 0.6067703125 0.138671875 0.6002609375 0.138671875 0.5846359375 0.1337890625 0.578125 0.1259765625 0.578125 0.119140625 0.5846359375 0.119140625 0.6002609375 0.1259765625 0.609375 0.1328125 0.6080734375 0.1357421875 0.6067703125
0 0.4140625 0.2200515625 0.419921875 0.2122390625 0.421875 0.19921875 0.419921875 0.1940109375 0.4091796875 0.1822921875 0.4052734375 0.1875 0.3994140625 0.1875 0.39453125 0.1940109375 0.392578125 0.20703125 0.4013671875 0.2213546875 0.4140625 0.2200515625
0 0.578125 0.07682343750000001 0.578125 0.06380156249999999 0.5673828125 0.0520828125 0.5595703125 0.0520828125 0.55078125 0.0611984375 0.548828125 0.06640625 0.548828125 0.07942656249999999 0.5556640625 0.09114531249999999 0.56640625 0.08984375 0.578125 0.07682343750000001
0 0.4853515625 0.3697921875 0.4892578125 0.3723953125 0.501953125 0.37109375 0.5078125 0.3658859375 0.51171875 0.35546875 0.51171875 0.3450515625 0.5078125 0.3346359375 0.5029296875 0.3307296875 0.4892578125 0.3307296875 0.4853515625 0.3333328125 0.48046875 0.3424484375 0.478515625 0.35546875 0.4853515625 0.3697921875
0 0.45703125 0.26953125 0.45703125 0.2565109375 0.4521484375 0.25 0.4404296875 0.25 0.435546875 0.2565109375 0.43359375 0.2669265625 0.435546875 0.2721359375 0.4443359375 0.28125 0.451171875 0.2799484375 0.45703125 0.26953125
0 0.6103515625 0.3203125 0.619140625 0.3190109375 0.6240234375 0.3177078125 0.626953125 0.3138015625 0.62890625 0.30078125 0.626953125 0.2955734375 0.6201171875 0.2890625 0.6083984375 0.2890625 0.6015625 0.2981765625 0.599609375 0.30859375 0.6025390625 0.3151046875 0.6103515625 0.3203125
0 0.7822265625 0.2552078125 0.7861328125 0.2578125 0.79296875 0.2565109375 0.7958984375 0.2552078125 0.806640625 0.23828125 0.8046875 0.2356765625 0.8046875 0.2278640625 0.8017578125 0.2239578125 0.7939453125 0.21875 0.7880859375 0.21875 0.77734375 0.23046875 0.77734375 0.24609375 0.7822265625 0.2552078125
0 0.912109375 0.1471359375 0.9140625 0.1315109375 0.9052734375 0.12239531249999999 0.8974609375 0.12239531249999999 0.88671875 0.1341140625 0.88671875 0.14453125 0.8896484375 0.1510421875 0.8974609375 0.15625 0.904296875 0.1549484375 0.912109375 0.1471359375
0 0.8876953125 0.6848953125 0.892578125 0.6783859375 0.892578125 0.6627609375 0.8896484375 0.6588546875 0.8779296875 0.6588546875 0.87109375 0.66796875 0.873046875 0.6809890625 0.8798828125 0.6875 0.8828125 0.6861984375 0.8876953125 0.6848953125
0 0.546875 0.83984375 0.5498046875 0.8385421875000001 0.5546875 0.8294265624999999 0.5546875 0.81640625 0.55078125 0.80859375 0.5458984375 0.8046875 0.5341796875 0.8046875 0.525390625 0.8190109375000001 0.525390625 0.83203125 0.5322265625 0.8411453124999999 0.546875 0.83984375
0 0.306640625 0.8111984375000001 0.30859375 0.7981765625 0.3037109375 0.7890625 0.2939453125 0.7864578125 0.28515625 0.7955734375 0.28515625 0.8059890624999999 0.2900390625 0.8151046875000001 0.2939453125 0.8177078124999999 0.30078125 0.81640625 0.306640625 0.8111984375000001
0 0.8515625 0.9466140624999999 0.8466796875 0.9375 0.8388671875 0.9348953124999999 0.83203125 0.94140625 0.830078125 0.9544265624999999 0.8388671875 0.9635421875000001 0.845703125 0.9622390624999999 0.849609375 0.95703125 0.8515625 0.9466140624999999
0 0.966796875 0.7643234375 0.96875 0.7486984375 0.9619140625 0.7395828125 0.9521484375 0.7395828125 0.9453125 0.74609375 0.943359375 0.7591140625 0.9453125 0.7643234375 0.9521484375 0.7708328125 0.9609375 0.76953125 0.966796875 0.7643234375