0 0.02734375 0.16015625 0.02734375 0.1497390625 0.0224609375 0.1432296875 0.0166015625 0.140625 0.0107421875 0.1432296875 0.005859375 0.1497390625 0.005859375 0.16015625 0.0126953125 0.1692703125 0.021484375 0.16796875 0.02734375 0.16015625
0 0.189453125 0.12109375 0.1806640625 0.10677031249999999 0.1708984375 0.10677031249999999 0.1640625 0.11328125 0.162109375 0.12890625 0.1708984375 0.1432296875 0.181640625 0.1419265625 0.1875 0.1341140625 0.189453125 0.12109375
0 0.1171875 0.34765625 0.1064453125 0.3359375 0.0986328125 0.3385421875 0.091796875 0.3502609375 0.09375 0.3606765625 0.1025390625 0.3697921875 0.111328125 0.3684890625 0.1171875 0.3606765625 0.1171875 0.34765625
0 0.484375 0.2903640625 0.484375 0.27734375 0.4794921875 0.2708328125 0.4716796875 0.2682296875 0.462890625 0.27734375 0.462890625 0.2903640625 0.46484375 0.2955734375 0.4697265625 0.2994796875 0.478515625 0.2981765625 0.484375 0.2903640625
0 0.71875 0.3190109375 0.720703125 0.30859375 0.7158203125 0.296875 0.7041015625 0.2942703125 0.6982421875 0.2994796875 0.6953125 0.3059890625 0.6953125 0.3190109375 0.7041015625 0.328125 0.712890625 0.3268234375 0.71875 0.3190109375
0 0.7060546875 0.3880203125 0.7109375 0.37890625 0.7109375 0.36328125 0.7041015625 0.3541671875 0.6904296875 0.3515625 0.681640625 0.3658859375 0.681640625 0.37890625 0.6923828125 0.390625 0.703125 0.3893234375 0.7060546875 0.3880203125
0 0.83203125 0.5143234375 0.8232421875 0.5026046875 0.8115234375 0.5 0.8046875 0.51171875 0.8046875 0.52734375 0.8115234375 0.5364578125 0.8203125 0.53515625 0.828125 0.5299484375 0.83203125 0.5143234375
0 0.8115234375 0.7291671875 0.818359375 0.7278640625 0.8212890625 0.7265625 0.826171875 0.7174484375 0.826171875 0.70703125 0.82421875 0.7018234375 0.8193359375 0.6979171875 0.8095703125 0.6979171875 0.8046875 0.7018234375 0.802734375 0.7096359375 0.8046875 0.72265625 0.8115234375 0.7291671875
0 0.634765625 0.9674484375000001 0.6328125 0.94921875 0.6259765625 0.9401046875000001 0.6181640625 0.9401046875000001 0.609375 0.9518234375000001 0.609375 0.9674484375000001 0.611328125 0.97265625 0.6162109375 0.9765625 0.630859375 0.9752609375000001 0.634765625 0.9674484375000001
0 0.3515625 0.8580734375000001 0.3447265625 0.8489578124999999 0.3330078125 0.8489578124999999 0.326171875 0.8606765624999999 0.326171875 0.87109375 0.3330078125 0.8802078124999999 0.345703125 0.87890625 0.3515625 0.8684890624999999 0.3515625 0.8580734375000001
0 0.216796875 0.9622390624999999 0.2099609375 0.9557296875000001 0.2021484375 0.9557296875000001 0.197265625 0.9622390624999999 0.197265625 0.9778640624999999 0.2001953125 0.9817703124999999 0.212890625 0.98046875 0.216796875 0.9752609375000001 0.216796875 0.9622390624999999
0 0.97265625 0.76953125 0.9638671875 0.7578125 0.9501953125 0.7578125 0.94140625 0.7721359375 0.9453125 0.7877609375 0.9521484375 0.7942703125 0.966796875 0.79296875 0.97265625 0.7877609375 0.97265625 0.76953125