0 0.2509765625 0.28125 0.25390625 0.2747390625 0.25390625 0.26171875 0.2470703125 0.2552078125 0.2373046875 0.2552078125 0.23046875 0.2643234375 0.232421875 0.27734375 0.2373046875 0.2838546875 0.248046875 0.2825515625 0.2509765625 0.28125
0 0.333984375 0.8684890624999999 0.333984375 0.85546875 0.3291015625 0.8489578124999999 0.3193359375 0.8463546875000001 0.310546875 0.8528640624999999 0.30859375 0.8684890624999999 0.3115234375 0.8723953124999999 0.3154296875 0.875 0.330078125 0.8736984375000001 0.333984375 0.8684890624999999
0 0.5205078125 0.9505203124999999 0.5234375 0.9440109375000001 0.5234375 0.93359375 0.5166015625 0.9244796875000001 0.5126953125 0.9244796875000001 0.50390625 0.93359375 0.50390625 0.9466140624999999 0.5107421875 0.953125 0.517578125 0.9518234375000001 0.5205078125 0.9505203124999999
0 0.5703125 0.6731765625 0.5654296875 0.6666671875 0.5537109375 0.6666671875 0.548828125 0.67578125 0.55078125 0.6861984375 0.5556640625 0.6927078125 0.564453125 0.69140625 0.5703125 0.6861984375 0.5703125 0.6731765625
0 0.3427734375 0.4947921875 0.353515625 0.4934890625 0.3583984375 0.4921875 0.361328125 0.48828125 0.36328125 0.48046875 0.361328125 0.4778640625 0.361328125 0.4700515625 0.3525390625 0.4609375 0.3427734375 0.4609375 0.333984375 0.4752609375 0.3359375 0.48828125 0.3427734375 0.4947921875
0 0.4345703125 0.4661453125 0.4384765625 0.46875 0.44921875 0.4674484375 0.458984375 0.45703125 0.4609375 0.4518234375 0.4609375 0.4388015625 0.4521484375 0.4244796875 0.4482421875 0.421875 0.4384765625 0.421875 0.427734375 0.43359375 0.42578125 0.4466140625 0.427734375 0.4544265625 0.4345703125 0.4661453125
0 0.4609375 0.31640625 0.4521484375 0.3046875 0.4482421875 0.3046875 0.439453125 0.3138015625 0.439453125 0.3268234375 0.4462890625 0.3359375 0.455078125 0.3346359375 0.4609375 0.3268234375 0.4609375 0.31640625
0 0.4169921875 0.3125 0.423828125 0.3138015625 0.4287109375 0.3125 0.435546875 0.3059890625 0.4375 0.30078125 0.4375 0.28515625 0.4267578125 0.2734375 0.4189453125 0.2734375 0.4140625 0.27734375 0.408203125 0.29296875 0.408203125 0.2981765625 0.4169921875 0.3125
0 0.50390625 0.2044265625 0.513671875 0.1940109375 0.513671875 0.1809890625 0.51171875 0.17578125 0.5048828125 0.1692703125 0.4970703125 0.1692703125 0.490234375 0.17578125 0.486328125 0.1888015625 0.4912109375 0.2005203125 0.4990234375 0.2057296875 0.50390625 0.2044265625
0 0.119140625 0.7330734375 0.126953125 0.7252609375 0.12890625 0.71484375 0.126953125 0.7096359375 0.1201171875 0.703125 0.1103515625 0.7005203125 0.099609375 0.7122390625 0.09765625 0.72265625 0.099609375 0.7278640625 0.1064453125 0.734375 0.119140625 0.7330734375
0 0.3427734375 0.5989578125 0.345703125 0.5924484375 0.34375 0.57421875 0.3369140625 0.5677078125 0.3232421875 0.5677078125 0.314453125 0.58203125 0.314453125 0.5872390625 0.3232421875 0.6041671875 0.333984375 0.6028640625 0.3427734375 0.5989578125
0 0.736328125 0.0169265625 0.7333984375 0.0104171875 0.7197265625 0.0104171875 0.71484375 0.01953125 0.71484375 0.0299484375 0.7197265625 0.0390625 0.728515625 0.0377609375 0.736328125 0.0299484375 0.736328125 0.0169265625