0 0.0703125 0.53515625 0.0654296875 0.5286453125 0.0576171875 0.5260421875 0.048828125 0.5377609375 0.048828125 0.5481765625 0.0556640625 0.5572921875 0.064453125 0.5559890625 0.0703125 0.5481765625 0.0703125 0.53515625
0 0.1416015625 0.4765625 0.150390625 0.4752609375 0.158203125 0.4674484375 0.16015625 0.4596359375 0.158203125 0.45703125 0.158203125 0.44921875 0.1513671875 0.4401046875 0.1396484375 0.4401046875 0.1328125 0.44921875 0.1328125 0.46484375 0.13671875 0.47265625 0.1416015625 0.4765625
0 0.216796875 0.50390625 0.224609375 0.4934890625 0.224609375 0.48046875 0.220703125 0.47265625 0.2158203125 0.46875 0.2060546875 0.46875 0.19921875 0.4778640625 0.19921875 0.4934890625 0.201171875 0.4986984375 0.2080078125 0.5052078125 0.216796875 0.50390625
0 0.1591796875 0.5625 0.17578125 0.5611984375 0.1806640625 0.5572921875 0.185546875 0.5481765625 0.18359375 0.5325515625 0.1787109375 0.5286453125 0.1630859375 0.5286453125 0.1591796875 0.53125 0.154296875 0.5377609375 0.15234375 0.5455734375 0.154296875 0.5559890625 0.1591796875 0.5625
0 0.4052734375 0.3776046875 0.412109375 0.3684890625 0.412109375 0.3528640625 0.4052734375 0.3411453125 0.3896484375 0.3411453125 0.3828125 0.3528640625 0.3828125 0.3658859375 0.3896484375 0.3776046875 0.3984375 0.37890625 0.4052734375 0.3776046875
0 0.5595703125 0.546875 0.56640625 0.5455734375 0.57421875 0.53515625 0.576171875 0.51953125 0.57421875 0.5143234375 0.5673828125 0.5078125 0.5537109375 0.5078125 0.546875 0.5169265625 0.544921875 0.5247390625 0.546875 0.5325515625 0.5517578125 0.5416671875 0.5595703125 0.546875
0 0.5712890625 0.59375 0.576171875 0.5924484375 0.587890625 0.5794265625 0.5859375 0.5638015625 0.5771484375 0.5520828125 0.5712890625 0.5494796875 0.5615234375 0.5520828125 0.5546875 0.56640625 0.5546875 0.5794265625 0.5615234375 0.5885421875 0.5654296875 0.5885421875 0.5712890625 0.59375
0 0.5078125 0.6471359375 0.509765625 0.6393234375 0.505859375 0.6236984375 0.5009765625 0.6197921875 0.4873046875 0.6197921875 0.48046875 0.6315109375 0.482421875 0.64453125 0.4912109375 0.6536453125 0.50390625 0.65234375 0.5078125 0.6471359375
0 0.8427734375 0.5208328125 0.85546875 0.51953125 0.8583984375 0.5182296875 0.865234375 0.5065109375 0.865234375 0.48828125 0.8564453125 0.4765625 0.8427734375 0.4765625 0.833984375 0.4856765625 0.830078125 0.49609375 0.830078125 0.5065109375 0.8330078125 0.5130203125 0.8427734375 0.5208328125
0 0.935546875 0.3372390625 0.9404296875 0.3359375 0.947265625 0.3268234375 0.947265625 0.3138015625 0.9384765625 0.2994796875 0.9267578125 0.2994796875 0.91796875 0.3138015625 0.91796875 0.3268234375 0.919921875 0.33203125 0.9267578125 0.3385421875 0.935546875 0.3372390625
0 0.2939453125 0 0.291015625 0.0091140625 0.29296875 0.01953125 0.2998046875 0.0286453125 0.3125 0.02734375 0.3203125 0.0143234375 0.3203125 0.00390625 0.3173828125 0 0.2939453125 0