0 0.095703125 0.3138015625 0.103515625 0.3059890625 0.10546875 0.2981765625 0.103515625 0.2903640625 0.0986328125 0.2838546875 0.0888671875 0.28125 0.08203125 0.2877609375 0.080078125 0.2981765625 0.0849609375 0.3098953125 0.0927734375 0.3151046875 0.095703125 0.3138015625
0 0.173828125 0.3580734375 0.17578125 0.3450515625 0.1689453125 0.3307296875 0.1572265625 0.3307296875 0.1533203125 0.3333328125 0.1484375 0.3424484375 0.1484375 0.35546875 0.1591796875 0.3671875 0.16796875 0.3658859375 0.173828125 0.3580734375
0 0.42578125 0.37109375 0.4208984375 0.3645828125 0.4111328125 0.3645828125 0.404296875 0.3763015625 0.408203125 0.3893234375 0.4111328125 0.3932296875 0.421875 0.3919265625 0.42578125 0.3841140625 0.42578125 0.37109375
0 0.458984375 0.41796875 0.4521484375 0.4088546875 0.4443359375 0.4088546875 0.439453125 0.4153640625 0.439453125 0.42578125 0.4462890625 0.4348953125 0.455078125 0.43359375 0.458984375 0.4283859375 0.458984375 0.41796875
0 0.6376953125 0.3046875 0.646484375 0.3033859375 0.6494140625 0.3020828125 0.654296875 0.29296875 0.654296875 0.2799484375 0.6494140625 0.2708328125 0.6416015625 0.2682296875 0.6357421875 0.2708328125 0.62890625 0.2799484375 0.62890625 0.29296875 0.630859375 0.2981765625 0.6376953125 0.3046875
0 0.775390625 0.2513015625 0.77734375 0.2356765625 0.7705078125 0.2291671875 0.7646484375 0.2291671875 0.755859375 0.23828125 0.755859375 0.2486984375 0.7578125 0.25390625 0.7626953125 0.2578125 0.76953125 0.2565109375 0.775390625 0.2513015625
0 0.9306640625 0 0.92578125 0.006510937499999999 0.92578125 0.0169265625 0.9306640625 0.0234375 0.94140625 0.0221359375 0.94921875 0.0143234375 0.94921875 0.00390625 0.9462890625 0 0.9306640625 0
0 0.7744140625 0.421875 0.779296875 0.4205734375 0.7841796875 0.4192703125 0.7890625 0.4127609375 0.791015625 0.3997390625 0.7861328125 0.3880203125 0.7822265625 0.3854171875 0.7705078125 0.3854171875 0.763671875 0.3971359375 0.763671875 0.4075515625 0.7705078125 0.4192703125 0.7744140625 0.421875
0 0.7861328125 0.6380203125 0.791015625 0.62890625 0.791015625 0.6158859375 0.7841796875 0.6067703125 0.7744140625 0.6067703125 0.76953125 0.6158859375 0.76953125 0.6315109375 0.7783203125 0.640625 0.783203125 0.6393234375 0.7861328125 0.6380203125
0 0.888671875 0.75390625 0.890625 0.73828125 0.8837890625 0.7265625 0.8720703125 0.7265625 0.865234375 0.7356765625 0.865234375 0.7486984375 0.8681640625 0.7552078125 0.8759765625 0.7604171875 0.8828125 0.7591140625 0.888671875 0.75390625
0 0.912109375 0.69921875 0.912109375 0.6861984375 0.9052734375 0.6770828125 0.8955078125 0.6770828125 0.888671875 0.6888015625 0.888671875 0.69921875 0.8955078125 0.7083328125 0.8994140625 0.7109375 0.90234375 0.7096359375 0.912109375 0.69921875
0 0.7392578125 0.96875 0.75390625 0.9674484375000001 0.7578125 0.9622390624999999 0.7578125 0.9544265624999999 0.759765625 0.9518234375000001 0.7578125 0.9440109375000001 0.7509765625 0.9348953124999999 0.7412109375 0.9348953124999999 0.7373046875 0.9375 0.732421875 0.94921875 0.734375 0.9622390624999999 0.7392578125 0.96875
0 0.486328125 0.85546875 0.48828125 0.8450515624999999 0.4814453125 0.8307296875000001 0.4736328125 0.828125 0.46484375 0.8346359375000001 0.4609375 0.84765625 0.462890625 0.85546875 0.4697265625 0.8645828124999999 0.48046875 0.86328125 0.486328125 0.85546875
0 0.638671875 0.49609375 0.6416015625 0.4921875 0.6513671875 0.4947921875 0.65625 0.4830734375 0.654296875 0.4700515625 0.6416015625 0.4609375 0.6337890625 0.4635421875 0.626953125 0.4752609375 0.62890625 0.4908859375 0.6337890625 0.4973953125 0.638671875 0.49609375