0 0.890625 0.6002609375 0.89453125 0.60546875 0.9091796875 0.6067703125 0.912109375 0.6028640625 0.916015625 0.5872390625 0.9072265625 0.5729171875 0.8994140625 0.5729171875 0.890625 0.58203125 0.888671875 0.5924484375 0.890625 0.6002609375
0 0.8203125 0.5690109375 0.826171875 0.5794265625 0.8388671875 0.5807296875 0.84375 0.57421875 0.84375 0.55859375 0.8388671875 0.5520828125 0.8271484375 0.5520828125 0.822265625 0.55859375 0.8203125 0.5690109375
0 0.689453125 0.5533859375 0.693359375 0.5611984375 0.7060546875 0.5625 0.7109375 0.5533859375 0.7109375 0.5377609375 0.7041015625 0.53125 0.6943359375 0.5338546875 0.689453125 0.54296875 0.689453125 0.5533859375
0 0.388671875 0.23046875 0.400390625 0.2434890625 0.4150390625 0.2447921875 0.423828125 0.2330734375 0.423828125 0.2174484375 0.421875 0.2096359375 0.4169921875 0.203125 0.4013671875 0.2005203125 0.392578125 0.20703125 0.388671875 0.2174484375 0.388671875 0.23046875
0 0.482421875 0.16796875 0.486328125 0.1705734375 0.4951171875 0.171875 0.501953125 0.1627609375 0.498046875 0.1471359375 0.4931640625 0.1432296875 0.4873046875 0.1432296875 0.48046875 0.1549484375 0.482421875 0.16796875
0 0.302734375 0.05078125 0.310546875 0.05859375 0.3173828125 0.0598953125 0.3212890625 0.0572921875 0.326171875 0.0481765625 0.326171875 0.0403640625 0.3193359375 0.0286453125 0.3095703125 0.0286453125 0.302734375 0.03515625 0.302734375 0.05078125
0 0.22265625 0.10286406249999999 0.228515625 0.11328125 0.2412109375 0.11458281249999999 0.248046875 0.10286406249999999 0.248046875 0.09244843750000001 0.2392578125 0.08072968750000001 0.2294921875 0.08072968750000001 0.224609375 0.08463593750000001 0.22265625 0.08984375 0.22265625 0.10286406249999999
0 0.1484375 0.41796875 0.15625 0.42578125 0.1611328125 0.4270828125 0.169921875 0.4153640625 0.169921875 0.4049484375 0.1669921875 0.3984375 0.1630859375 0.3958328125 0.1533203125 0.3958328125 0.146484375 0.4075515625 0.1484375 0.41796875
0 0.263671875 0.4908859375 0.26953125 0.49609375 0.2783203125 0.4973953125 0.28515625 0.4908859375 0.287109375 0.4856765625 0.287109375 0.4778640625 0.2802734375 0.4661453125 0.2705078125 0.4661453125 0.263671875 0.47265625 0.26171875 0.4778640625 0.263671875 0.4908859375
0 0.1826171875 0.6692703125 0.185546875 0.6705734375 0.1923828125 0.671875 0.1962890625 0.6692703125 0.201171875 0.6627609375 0.203125 0.6549484375 0.201171875 0.64453125 0.1923828125 0.6354171875 0.1826171875 0.6380203125 0.17578125 0.6471359375 0.17578125 0.6575515625 0.1826171875 0.6692703125
0 0.15234375 0.7877609375 0.16015625 0.7981765625 0.1689453125 0.7994796875 0.17578125 0.79296875 0.177734375 0.7877609375 0.177734375 0.7747390625 0.1728515625 0.765625 0.1689453125 0.7630203125 0.1591796875 0.765625 0.15234375 0.7747390625 0.15234375 0.7877609375
0 0.033203125 0.18359375 0.0390625 0.1888015625 0.0537109375 0.1901046875 0.060546875 0.1809890625 0.0625 0.16796875 0.0576171875 0.15625 0.0537109375 0.1536453125 0.0439453125 0.1536453125 0.033203125 0.1653640625 0.03125 0.1731765625 0.033203125 0.17578125 0.033203125 0.18359375