0 0.8510421875 0.94375 0.8796875 0.94375 0.8796875 0.9020828125 0.8510421875 0.9020828125 0.8510421875 0.94375
0 0.609375 0.02734375 0.611328125 0.01953125 0.609375 0.0091140625 0.5986328125 0 0.5908203125 0.0026046875000000002 0.5859375 0.01171875 0.5859375 0.0247390625 0.5927734375 0.0338546875 0.60546875 0.0325515625 0.609375 0.02734375
0 0.203125 0.61328125 0.205078125 0.6028640625 0.1982421875 0.5911453125 0.1923828125 0.5911453125 0.18359375 0.6002609375 0.18359375 0.6080734375 0.1884765625 0.6171875 0.1923828125 0.6197921875 0.19921875 0.6184890625 0.203125 0.61328125
0 0.03125 0.6940109375 0.0263671875 0.6875 0.0185546875 0.6875 0.01171875 0.69921875 0.013671875 0.70703125 0.0166015625 0.7109375 0.02734375 0.7096359375 0.03125 0.7044265625 0.03125 0.6940109375
0 0.1796875 0.7356765625 0.1845703125 0.734375 0.19140625 0.7252609375 0.19140625 0.7096359375 0.1865234375 0.703125 0.1728515625 0.7005203125 0.1640625 0.7122390625 0.1640625 0.7200515625 0.1728515625 0.734375 0.1767578125 0.7369796875 0.1796875 0.7356765625
0 0.298828125 0.8111984375000001 0.298828125 0.8059890624999999 0.2958984375 0.7994796875 0.2880859375 0.7942703125 0.2822265625 0.7942703125 0.275390625 0.8033859375000001 0.2734375 0.8138015624999999 0.2802734375 0.8255203124999999 0.29296875 0.82421875 0.298828125 0.8111984375000001
0 0.630859375 0.68359375 0.6240234375 0.6770828125 0.6142578125 0.6770828125 0.60546875 0.69140625 0.60546875 0.7018234375 0.6123046875 0.7083328125 0.626953125 0.70703125 0.6328125 0.69921875 0.630859375 0.68359375
0 0.537109375 0.54296875 0.5390625 0.53515625 0.537109375 0.52734375 0.5302734375 0.5208328125 0.5205078125 0.5208328125 0.515625 0.52734375 0.515625 0.5403640625 0.5244140625 0.5494796875 0.53125 0.5481765625 0.537109375 0.54296875
0 0.892578125 0.5403640625 0.8974609375 0.5390625 0.90234375 0.5299484375 0.8955078125 0.5182296875 0.8896484375 0.5130203125 0.8798828125 0.5130203125 0.873046875 0.51953125 0.873046875 0.5325515625 0.8779296875 0.5390625 0.8818359375 0.5416671875 0.892578125 0.5403640625
0 0.9228515625 0.5677078125 0.92578125 0.56640625 0.935546875 0.5559890625 0.9375 0.5481765625 0.935546875 0.5377609375 0.9306640625 0.53125 0.9150390625 0.53125 0.9111328125 0.5338546875 0.908203125 0.5403640625 0.908203125 0.5533859375 0.9130859375 0.5625 0.9228515625 0.5677078125
0 0.931640625 0.7096359375 0.93359375 0.69921875 0.9248046875 0.6848953125 0.9130859375 0.6822921875 0.904296875 0.6966140625 0.904296875 0.7096359375 0.9091796875 0.7161453125 0.9150390625 0.71875 0.923828125 0.7174484375 0.931640625 0.7096359375