0 0.068359375 0.3268234375 0.0703125 0.3111984375 0.0654296875 0.3020828125 0.0576171875 0.2994796875 0.046875 0.3059890625 0.04296875 0.31640625 0.04296875 0.32421875 0.0517578125 0.3359375 0.060546875 0.3346359375 0.068359375 0.3268234375
0 0.2421875 0.2591140625 0.2421875 0.24609375 0.240234375 0.2408859375 0.2314453125 0.2317703125 0.2216796875 0.234375 0.21484375 0.2434890625 0.21484375 0.2565109375 0.2255859375 0.2682296875 0.236328125 0.2669265625 0.2421875 0.2591140625
0 0.357421875 0.2408859375 0.357421875 0.23046875 0.3486328125 0.2161453125 0.3388671875 0.2161453125 0.330078125 0.2252609375 0.328125 0.23828125 0.3349609375 0.25 0.3388671875 0.2526046875 0.34765625 0.2513015625 0.357421875 0.2408859375
0 0.708984375 0.2044265625 0.7021484375 0.1927078125 0.6962890625 0.1901046875 0.685546875 0.2018234375 0.685546875 0.21484375 0.6923828125 0.2265625 0.705078125 0.2252609375 0.708984375 0.2200515625 0.708984375 0.2044265625
0 0.8369140625 0.3333328125 0.845703125 0.33203125 0.8486328125 0.3307296875 0.853515625 0.3216140625 0.85546875 0.3111984375 0.853515625 0.3059890625 0.8486328125 0.3020828125 0.8369140625 0.2994796875 0.830078125 0.3059890625 0.830078125 0.3138015625 0.826171875 0.3216140625 0.8369140625 0.3333328125
0 0.83203125 0.3815109375 0.8369140625 0.3802078125 0.845703125 0.3658859375 0.845703125 0.35546875 0.8388671875 0.34375 0.8271484375 0.34375 0.8232421875 0.3463546875 0.818359375 0.35546875 0.818359375 0.3736984375 0.8232421875 0.3802078125 0.83203125 0.3815109375
0 0.171875 0.7747390625 0.17578125 0.7643234375 0.173828125 0.75390625 0.1669921875 0.7473953125 0.1591796875 0.7473953125 0.15234375 0.75390625 0.150390625 0.76953125 0.1552734375 0.7786453125 0.16796875 0.77734375 0.171875 0.7747390625
0 0.3828125 0.73828125 0.3759765625 0.7265625 0.3623046875 0.7239578125 0.353515625 0.7356765625 0.353515625 0.74609375 0.3662109375 0.7604171875 0.375 0.7591140625 0.380859375 0.7513015625 0.3828125 0.73828125
0 0.421875 0.83203125 0.431640625 0.82421875 0.431640625 0.80859375 0.4296875 0.8033859375000001 0.4248046875 0.7994796875 0.4189453125 0.7994796875 0.412109375 0.8111984375000001 0.412109375 0.8190109375000001 0.416015625 0.8294265624999999 0.4189453125 0.8333328124999999 0.421875 0.83203125
0 0.412109375 0.8138015624999999 0.4052734375 0.8072921875000001 0.4013671875 0.8072921875000001 0.392578125 0.8138015624999999 0.390625 0.82421875 0.3974609375 0.8359375 0.404296875 0.8346359375000001 0.41015625 0.8294265624999999 0.412109375 0.8138015624999999
0 0.6328125 0.8190109375000001 0.640625 0.8111984375000001 0.642578125 0.7955734375 0.6376953125 0.7864578125 0.6279296875 0.7838546875 0.6220703125 0.7864578125 0.6171875 0.79296875 0.615234375 0.8033859375000001 0.6171875 0.8111984375000001 0.6240234375 0.8203125 0.6328125 0.8190109375000001
0 0.65625 0.8424484375000001 0.6533203125 0.8385421875000001 0.6435546875 0.8385421875000001 0.63671875 0.8502609375000001 0.63671875 0.8658859375000001 0.6396484375 0.8697921875000001 0.650390625 0.8684890624999999 0.65625 0.8580734375000001 0.65625 0.8424484375000001
0 0.791015625 0.9283859375000001 0.80078125 0.91796875 0.802734375 0.90234375 0.7958984375 0.8932296875000001 0.7861328125 0.890625 0.7802734375 0.8932296875000001 0.775390625 0.8997390624999999 0.7734375 0.9049484375000001 0.7734375 0.91796875 0.7841796875 0.9296875 0.791015625 0.9283859375000001