0 0.6401046874999999 0.7416671874999999 0.6692703125 0.7416671874999999 0.6692703125 0.7041671875 0.6401046874999999 0.7041671875 0.6401046874999999 0.7416671874999999
0 0.43359375 0.11067656249999999 0.43359375 0.09244843750000001 0.4248046875 0.08072968750000001 0.4150390625 0.08072968750000001 0.404296875 0.09244843750000001 0.404296875 0.10546875 0.40625 0.11328125 0.4130859375 0.12239531249999999 0.423828125 0.12109375 0.43359375 0.11067656249999999
0 0.5947265625 0.1458328125 0.6005859375 0.1484375 0.60546875 0.1471359375 0.6103515625 0.1458328125 0.6171875 0.13671875 0.619140625 0.12109375 0.6171875 0.11588593750000001 0.6103515625 0.109375 0.5966796875 0.109375 0.5927734375 0.11197968750000001 0.587890625 0.12109375 0.587890625 0.1341140625 0.5947265625 0.1458328125
0 0.6357421875 0.0546875 0.646484375 0.0533859375 0.654296875 0.0455734375 0.654296875 0.0247390625 0.6494140625 0.0182296875 0.6435546875 0.0182296875 0.6416015625 0.015625 0.6337890625 0.0182296875 0.626953125 0.02734375 0.625 0.03515625 0.626953125 0.0455734375 0.6357421875 0.0546875
0 0.455078125 0.21484375 0.4482421875 0.2057296875 0.4345703125 0.2057296875 0.427734375 0.21484375 0.427734375 0.2278640625 0.4384765625 0.2395828125 0.44921875 0.23828125 0.45703125 0.2252609375 0.455078125 0.21484375
0 0.0390625 0.7278640625 0.04296875 0.7252609375 0.046875 0.71484375 0.046875 0.7018234375 0.0400390625 0.6927078125 0.0283203125 0.6927078125 0.0244140625 0.6953125 0.01953125 0.7044265625 0.01953125 0.7200515625 0.0283203125 0.7291671875 0.0390625 0.7278640625
0 0.2119140625 0.53125 0.220703125 0.5325515625 0.2294921875 0.5286453125 0.234375 0.5221359375 0.234375 0.5065109375 0.232421875 0.5013015625 0.2255859375 0.4947921875 0.2119140625 0.4947921875 0.205078125 0.50390625 0.203125 0.5143234375 0.205078125 0.5221359375 0.2119140625 0.53125
0 0.447265625 0.5221359375 0.44921875 0.5065109375 0.4423828125 0.4947921875 0.4306640625 0.4947921875 0.423828125 0.5065109375 0.423828125 0.5169265625 0.42578125 0.5221359375 0.4326171875 0.5286453125 0.44140625 0.52734375 0.447265625 0.5221359375
0 0.5869140625 0.4427078125 0.595703125 0.44140625 0.603515625 0.43359375 0.60546875 0.4283859375 0.60546875 0.4153640625 0.6005859375 0.4088546875 0.5927734375 0.40625 0.5830078125 0.4114578125 0.578125 0.41796875 0.578125 0.4309890625 0.580078125 0.4361984375 0.5869140625 0.4427078125
0 0.630859375 0.3658859375 0.6240234375 0.3567703125 0.6123046875 0.3567703125 0.60546875 0.3684890625 0.60546875 0.37890625 0.6123046875 0.3880203125 0.623046875 0.38671875 0.630859375 0.3736984375 0.630859375 0.3658859375
0 0.349609375 0.94921875 0.3515625 0.93359375 0.3447265625 0.921875 0.3330078125 0.921875 0.326171875 0.9309890624999999 0.326171875 0.9440109375000001 0.330078125 0.9518234375000001 0.3349609375 0.9557296875000001 0.34375 0.9544265624999999 0.349609375 0.94921875
0 0.326171875 0.9856765624999999 0.32421875 0.9700515624999999 0.3193359375 0.9635421875000001 0.3134765625 0.9609375 0.3056640625 0.9635421875000001 0.298828125 0.9778640624999999 0.298828125 0.9856765624999999 0.3076171875 0.9947921875000001 0.3203125 0.9934890624999999 0.326171875 0.9856765624999999
0 0.560546875 0.9205734375000001 0.560546875 0.8997390624999999 0.5537109375 0.890625 0.5498046875 0.890625 0.5390625 0.90234375 0.5390625 0.9127609375000001 0.5439453125 0.9244796875000001 0.5478515625 0.9270828124999999 0.556640625 0.92578125 0.560546875 0.9205734375000001
0 0.640625 0.9049484375000001 0.6337890625 0.8984375 0.6259765625 0.8984375 0.619140625 0.91015625 0.62109375 0.9231765624999999 0.6240234375 0.9270828124999999 0.63671875 0.92578125 0.640625 0.9205734375000001 0.640625 0.9049484375000001
0 0.708984375 0.8893234375000001 0.716796875 0.87890625 0.716796875 0.8658859375000001 0.71484375 0.8606765624999999 0.7080078125 0.8541671875000001 0.6943359375 0.8567703124999999 0.6875 0.8684890624999999 0.689453125 0.87109375 0.689453125 0.87890625 0.7001953125 0.890625 0.708984375 0.8893234375000001
0 0.87109375 0.9622390624999999 0.87890625 0.9518234375000001 0.87890625 0.9309890624999999 0.8759765625 0.9244796875000001 0.8681640625 0.9192703124999999 0.8583984375 0.9192703124999999 0.8544921875 0.921875 0.84765625 0.93359375 0.84765625 0.9518234375000001 0.8583984375 0.9635421875000001 0.87109375 0.9622390624999999
0 0.9169921875 0.8723953124999999 0.921875 0.86328125 0.921875 0.8502609375000001 0.9169921875 0.84375 0.9052734375 0.8411453124999999 0.896484375 0.8502609375000001 0.89453125 0.8658859375000001 0.9013671875 0.875 0.9140625 0.8736984375000001 0.9169921875 0.8723953124999999