0 0.037109375 0.7278640625 0.04296875 0.72265625 0.046875 0.7122390625 0.044921875 0.7044265625 0.0341796875 0.6953125 0.0224609375 0.6979171875 0.01953125 0.7018234375 0.01953125 0.7174484375 0.0234375 0.7252609375 0.0283203125 0.7291671875 0.037109375 0.7278640625
0 0.13671875 0.6080734375 0.1298828125 0.5989578125 0.1181640625 0.6015625 0.115234375 0.6080734375 0.1171875 0.6236984375 0.1220703125 0.6276046875 0.1328125 0.6263015625 0.13671875 0.62109375 0.13671875 0.6080734375
0 0.12109375 0.48046875 0.1142578125 0.46875 0.1044921875 0.46875 0.09765625 0.4778640625 0.09765625 0.48828125 0.1083984375 0.5 0.115234375 0.4986984375 0.12109375 0.4908859375 0.12109375 0.48046875
0 0.435546875 0.3216140625 0.4287109375 0.3125 0.4169921875 0.3125 0.412109375 0.3216140625 0.412109375 0.33203125 0.4208984375 0.3411453125 0.4296875 0.33984375 0.435546875 0.33203125 0.435546875 0.3216140625
0 0.61328125 0.2877609375 0.623046875 0.2799484375 0.625 0.2643234375 0.6162109375 0.25 0.6064453125 0.25 0.6015625 0.25390625 0.59765625 0.2643234375 0.59765625 0.27734375 0.6044921875 0.2864578125 0.6083984375 0.2890625 0.61328125 0.2877609375
0 0.69921875 0.3111984375 0.70703125 0.3033859375 0.708984375 0.2877609375 0.70703125 0.2825515625 0.7001953125 0.2760421875 0.6904296875 0.2760421875 0.681640625 0.2877609375 0.681640625 0.2981765625 0.6884765625 0.3098953125 0.6923828125 0.3125 0.69921875 0.3111984375
0 0.6083984375 0.5911453125 0.62109375 0.58984375 0.62890625 0.5794265625 0.62890625 0.5611984375 0.6220703125 0.5494796875 0.6103515625 0.546875 0.6015625 0.5533859375 0.59765625 0.56640625 0.59765625 0.57421875 0.599609375 0.58203125 0.6044921875 0.5885421875 0.6083984375 0.5911453125
0 0.462890625 0.7018234375 0.462890625 0.6888015625 0.4580078125 0.6822921875 0.4482421875 0.6822921875 0.4443359375 0.6848953125 0.439453125 0.6940109375 0.443359375 0.70703125 0.4482421875 0.7109375 0.458984375 0.7096359375 0.462890625 0.7018234375
0 0.3486328125 0.7942703125 0.357421875 0.79296875 0.3603515625 0.7916671875 0.365234375 0.7825515625 0.36328125 0.7799484375 0.36328125 0.7721359375 0.3603515625 0.765625 0.3505859375 0.7630203125 0.345703125 0.7669265625 0.341796875 0.77734375 0.341796875 0.78515625 0.3486328125 0.7942703125
0 0.787109375 0.8684890624999999 0.787109375 0.8528640624999999 0.7783203125 0.84375 0.7685546875 0.84375 0.7646484375 0.8463546875000001 0.759765625 0.85546875 0.759765625 0.8736984375000001 0.7646484375 0.8828125 0.779296875 0.8815109375000001 0.787109375 0.8684890624999999
0 0.9638671875 0.4557296875 0.96875 0.4544265625 0.9765625 0.4466140625 0.978515625 0.44140625 0.978515625 0.4283859375 0.9716796875 0.4140625 0.9599609375 0.4140625 0.955078125 0.41796875 0.951171875 0.4283859375 0.951171875 0.44140625 0.9580078125 0.453125 0.9638671875 0.4557296875