0 0.44140625 0.10026093750000001 0.44140625 0.08463593750000001 0.4365234375 0.078125 0.4287109375 0.07552031249999999 0.4228515625 0.078125 0.41796875 0.08463593750000001 0.41796875 0.10026093750000001 0.4267578125 0.109375 0.431640625 0.10807343750000001 0.44140625 0.10026093750000001
0 0.3134765625 0.4010421875 0.31640625 0.39453125 0.31640625 0.3815109375 0.3076171875 0.3723953125 0.2998046875 0.3723953125 0.294921875 0.3815109375 0.294921875 0.39453125 0.3037109375 0.4036453125 0.310546875 0.40234375 0.3134765625 0.4010421875
0 0.384765625 0.37109375 0.3759765625 0.3567703125 0.3681640625 0.3567703125 0.361328125 0.3658859375 0.361328125 0.3736984375 0.3681640625 0.3854171875 0.376953125 0.3841140625 0.3828125 0.37890625 0.384765625 0.37109375
0 0.080078125 0.43359375 0.0751953125 0.421875 0.0673828125 0.4192703125 0.0546875 0.4283859375 0.0546875 0.4440109375 0.0615234375 0.4583328125 0.0703125 0.45703125 0.078125 0.4466140625 0.080078125 0.43359375
0 0.107421875 0.4778640625 0.1005859375 0.4713546875 0.0927734375 0.4713546875 0.0859375 0.4778640625 0.083984375 0.48828125 0.0927734375 0.5026046875 0.099609375 0.5013015625 0.107421875 0.4934890625 0.107421875 0.4778640625
0 0.134765625 0.6158859375 0.1376953125 0.6145828125 0.142578125 0.60546875 0.142578125 0.5924484375 0.1357421875 0.5833328125 0.1240234375 0.5833328125 0.1171875 0.5924484375 0.1171875 0.6028640625 0.1240234375 0.6145828125 0.1279296875 0.6171875 0.134765625 0.6158859375
0 0.6474609375 0.265625 0.65234375 0.2643234375 0.6572265625 0.2630203125 0.662109375 0.2565109375 0.662109375 0.2434890625 0.66015625 0.23828125 0.6533203125 0.2317703125 0.6435546875 0.2317703125 0.63671875 0.2434890625 0.63671875 0.2513015625 0.6435546875 0.2630203125 0.6474609375 0.265625
0 0.51953125 0.4466140625 0.5126953125 0.4348953125 0.5048828125 0.4348953125 0.498046875 0.4440109375 0.498046875 0.4544265625 0.5068359375 0.4661453125 0.51171875 0.46484375 0.517578125 0.4596359375 0.51953125 0.4466140625
0 0.5712890625 0.5807296875 0.580078125 0.5794265625 0.5859375 0.57421875 0.587890625 0.56640625 0.5859375 0.5638015625 0.5859375 0.5533859375 0.5810546875 0.5442703125 0.5673828125 0.5494796875 0.5625 0.55859375 0.5625 0.5716140625 0.5673828125 0.578125 0.5712890625 0.5807296875
0 0.5517578125 0.7552078125 0.55859375 0.7434890625 0.5478515625 0.7265625 0.5400390625 0.7265625 0.533203125 0.7330734375 0.53125 0.74609375 0.533203125 0.7513015625 0.5400390625 0.7578125 0.548828125 0.7565109375 0.5517578125 0.7552078125
0 0.89453125 0.73828125 0.89453125 0.7330734375 0.8876953125 0.7213546875 0.8798828125 0.7213546875 0.873046875 0.73046875 0.873046875 0.7408859375 0.8779296875 0.7473953125 0.8818359375 0.75 0.884765625 0.7486984375 0.89453125 0.73828125
0 0.60546875 0.90234375 0.60546875 0.8893234375000001 0.6005859375 0.8802078124999999 0.5888671875 0.8802078124999999 0.583984375 0.88671875 0.58203125 0.89453125 0.583984375 0.9049484375000001 0.5908203125 0.9114578124999999 0.59765625 0.91015625 0.60546875 0.90234375
0 0.966796875 0.9622390624999999 0.9599609375 0.9557296875000001 0.9521484375 0.9557296875000001 0.947265625 0.96484375 0.94921875 0.9752609375000001 0.9541015625 0.9817703124999999 0.96484375 0.98046875 0.966796875 0.9778640624999999 0.966796875 0.9622390624999999