0 0.7255859375 0.3125 0.73046875 0.3138015625 0.7373046875 0.3151046875 0.7412109375 0.3125 0.748046875 0.30078125 0.748046875 0.2877609375 0.74609375 0.2825515625 0.7353515625 0.2734375 0.7275390625 0.2760421875 0.720703125 0.28515625 0.71875 0.29296875 0.720703125 0.3059890625 0.7255859375 0.3125
0 0.5263671875 0.1484375 0.53125 0.1497390625 0.5341796875 0.1510421875 0.5439453125 0.1458328125 0.55078125 0.1341140625 0.55078125 0.12369843750000001 0.5419921875 0.109375 0.5244140625 0.11197968750000001 0.51953125 0.12109375 0.51953125 0.13671875 0.521484375 0.1419265625 0.5263671875 0.1484375
0 0.474609375 0.2747390625 0.48046875 0.28515625 0.4931640625 0.2864578125 0.5 0.27734375 0.5 0.2643234375 0.4951171875 0.2552078125 0.4833984375 0.2526046875 0.474609375 0.26171875 0.474609375 0.2747390625
0 0.5078125 0.42578125 0.515625 0.43359375 0.5224609375 0.4348953125 0.5302734375 0.4296875 0.53515625 0.4205734375 0.53515625 0.4075515625 0.5263671875 0.3984375 0.5166015625 0.3984375 0.5126953125 0.4010421875 0.505859375 0.4127609375 0.5078125 0.42578125
0 0.845703125 0.7903640625 0.85546875 0.80078125 0.8623046875 0.8020828124999999 0.869140625 0.7955734375 0.869140625 0.7877609375 0.87109375 0.78515625 0.869140625 0.77734375 0.8642578125 0.7708328125 0.8505859375 0.7708328125 0.845703125 0.7799484375 0.845703125 0.7903640625
0 0.478515625 0.85546875 0.486328125 0.8684890624999999 0.4990234375 0.8697921875000001 0.505859375 0.86328125 0.5078125 0.8580734375000001 0.5078125 0.8450515624999999 0.4990234375 0.8333328124999999 0.4892578125 0.8307296875000001 0.48046875 0.83984375 0.478515625 0.8450515624999999 0.478515625 0.85546875
0 0.0400390625 0.7239578125 0.05078125 0.7278640625 0.0537109375 0.7291671875 0.0576171875 0.7265625 0.064453125 0.7174484375 0.064453125 0.7044265625 0.060546875 0.6940109375 0.0537109375 0.6875 0.0419921875 0.6848953125 0.037109375 0.69140625 0.033203125 0.70703125 0.0400390625 0.7239578125
0 0.1328125 0.6080734375 0.142578125 0.6236984375 0.1513671875 0.625 0.1552734375 0.6223953125 0.162109375 0.6106765625 0.162109375 0.5950515625 0.1533203125 0.5833328125 0.1474609375 0.5807296875 0.1396484375 0.5833328125 0.1328125 0.5924484375 0.1328125 0.6080734375
0 0.115234375 0.50390625 0.123046875 0.5169265625 0.1357421875 0.5182296875 0.142578125 0.51171875 0.14453125 0.4986984375 0.142578125 0.4908859375 0.1357421875 0.4817703125 0.1220703125 0.4817703125 0.115234375 0.4934890625 0.115234375 0.50390625
0 0.0078125 0.45703125 0.01171875 0.46484375 0.0224609375 0.4661453125 0.02734375 0.4596359375 0.02734375 0.4466140625 0.0224609375 0.4375 0.0185546875 0.4348953125 0.0126953125 0.4348953125 0.0078125 0.4440109375 0.0078125 0.45703125
0 0.259765625 0.0481765625 0.267578125 0.0559890625 0.2783203125 0.0572921875 0.287109375 0.0455734375 0.287109375 0.02734375 0.2822265625 0.0182296875 0.2744140625 0.015625 0.2685546875 0.0182296875 0.2578125 0.0299484375 0.2578125 0.04296875 0.259765625 0.0481765625