0 0.95703125 0.72265625 0.962890625 0.7278640625 0.9716796875 0.7291671875 0.9765625 0.7252609375 0.98046875 0.7174484375 0.98046875 0.7018234375 0.9775390625 0.6979171875 0.9658203125 0.6953125 0.955078125 0.7044265625 0.953125 0.7122390625 0.95703125 0.72265625
0 0.86328125 0.62109375 0.8671875 0.6263015625 0.8779296875 0.6276046875 0.8828125 0.6236984375 0.884765625 0.6080734375 0.8818359375 0.6015625 0.8701171875 0.5989578125 0.86328125 0.6080734375 0.86328125 0.62109375
0 0.87890625 0.4908859375 0.884765625 0.4986984375 0.8916015625 0.5 0.90234375 0.48828125 0.90234375 0.4778640625 0.8955078125 0.46875 0.8857421875 0.46875 0.87890625 0.48046875 0.87890625 0.4908859375
0 0.564453125 0.33203125 0.5703125 0.33984375 0.5791015625 0.3411453125 0.587890625 0.33203125 0.587890625 0.3216140625 0.5830078125 0.3125 0.5712890625 0.3125 0.564453125 0.3216140625 0.564453125 0.33203125
0 0.376953125 0.2799484375 0.38671875 0.2877609375 0.3916015625 0.2890625 0.3955078125 0.2864578125 0.40234375 0.27734375 0.40234375 0.2643234375 0.3984375 0.25390625 0.3935546875 0.25 0.3837890625 0.25 0.375 0.2643234375 0.376953125 0.2799484375
0 0.29296875 0.3033859375 0.30078125 0.3111984375 0.3076171875 0.3125 0.3115234375 0.3098953125 0.318359375 0.2981765625 0.318359375 0.2877609375 0.3095703125 0.2760421875 0.2998046875 0.2760421875 0.29296875 0.2825515625 0.291015625 0.2877609375 0.29296875 0.3033859375
0 0.37109375 0.5794265625 0.37890625 0.58984375 0.3916015625 0.5911453125 0.3955078125 0.5885421875 0.400390625 0.58203125 0.40234375 0.57421875 0.40234375 0.56640625 0.3984375 0.5533859375 0.3896484375 0.546875 0.3779296875 0.5494796875 0.37109375 0.5611984375 0.37109375 0.5794265625
0 0.537109375 0.7018234375 0.541015625 0.7096359375 0.5517578125 0.7109375 0.556640625 0.70703125 0.560546875 0.6940109375 0.5556640625 0.6848953125 0.5517578125 0.6822921875 0.5419921875 0.6822921875 0.537109375 0.6888015625 0.537109375 0.7018234375
0 0.6396484375 0.7916671875 0.642578125 0.79296875 0.6513671875 0.7942703125 0.658203125 0.78515625 0.658203125 0.77734375 0.654296875 0.7669265625 0.6494140625 0.7630203125 0.6396484375 0.765625 0.63671875 0.7721359375 0.63671875 0.7799484375 0.634765625 0.7825515625 0.6396484375 0.7916671875
0 0.212890625 0.8684890624999999 0.220703125 0.8815109375000001 0.2353515625 0.8828125 0.240234375 0.8736984375000001 0.240234375 0.85546875 0.2353515625 0.8463546875000001 0.2314453125 0.84375 0.2216796875 0.84375 0.212890625 0.8528640624999999 0.212890625 0.8684890624999999
0 0.0234375 0.4466140625 0.03125 0.4544265625 0.0361328125 0.4557296875 0.0419921875 0.453125 0.048828125 0.44140625 0.048828125 0.4283859375 0.044921875 0.41796875 0.0400390625 0.4140625 0.0283203125 0.4140625 0.021484375 0.4283859375 0.021484375 0.44140625 0.0234375 0.4466140625