0 0.97265625 0.16015625 0.978515625 0.16796875 0.9873046875 0.1692703125 0.994140625 0.16015625 0.994140625 0.1497390625 0.9892578125 0.1432296875 0.9833984375 0.140625 0.9775390625 0.1432296875 0.97265625 0.1497390625 0.97265625 0.16015625
0 0.8125 0.1341140625 0.818359375 0.1419265625 0.8291015625 0.1432296875 0.837890625 0.12890625 0.8359375 0.11328125 0.8291015625 0.10677031249999999 0.8193359375 0.10677031249999999 0.810546875 0.12109375 0.8125 0.1341140625
0 0.8828125 0.3606765625 0.888671875 0.3684890625 0.8974609375 0.3697921875 0.90625 0.3606765625 0.908203125 0.3502609375 0.9013671875 0.3385421875 0.8935546875 0.3359375 0.8828125 0.34765625 0.8828125 0.3606765625
0 0.515625 0.2903640625 0.521484375 0.2981765625 0.5302734375 0.2994796875 0.53515625 0.2955734375 0.537109375 0.2903640625 0.537109375 0.27734375 0.5283203125 0.2682296875 0.5205078125 0.2708328125 0.515625 0.27734375 0.515625 0.2903640625
0 0.28125 0.3190109375 0.287109375 0.3268234375 0.2958984375 0.328125 0.3046875 0.3190109375 0.3046875 0.3059890625 0.3017578125 0.2994796875 0.2958984375 0.2942703125 0.2841796875 0.296875 0.279296875 0.30859375 0.28125 0.3190109375
0 0.2939453125 0.3880203125 0.296875 0.3893234375 0.3076171875 0.390625 0.318359375 0.37890625 0.318359375 0.3658859375 0.3095703125 0.3515625 0.2958984375 0.3541671875 0.2890625 0.36328125 0.2890625 0.37890625 0.2939453125 0.3880203125
0 0.171875 0.5299484375 0.1796875 0.53515625 0.1884765625 0.5364578125 0.1953125 0.52734375 0.1953125 0.51171875 0.1884765625 0.5 0.1767578125 0.5026046875 0.16796875 0.5143234375 0.171875 0.5299484375
0 0.1787109375 0.7265625 0.181640625 0.7278640625 0.1884765625 0.7291671875 0.1953125 0.72265625 0.197265625 0.7096359375 0.1953125 0.7018234375 0.1904296875 0.6979171875 0.1806640625 0.6979171875 0.17578125 0.7018234375 0.173828125 0.70703125 0.173828125 0.7174484375 0.1787109375 0.7265625
0 0.365234375 0.9674484375000001 0.369140625 0.9752609375000001 0.3837890625 0.9765625 0.388671875 0.97265625 0.390625 0.9674484375000001 0.390625 0.9518234375000001 0.3818359375 0.9401046875000001 0.3740234375 0.9401046875000001 0.3671875 0.94921875 0.365234375 0.9674484375000001
0 0.6484375 0.8684890624999999 0.654296875 0.87890625 0.6669921875 0.8802078124999999 0.673828125 0.87109375 0.673828125 0.8606765624999999 0.6669921875 0.8489578124999999 0.6552734375 0.8489578124999999 0.6484375 0.8580734375000001 0.6484375 0.8684890624999999
0 0.783203125 0.9752609375000001 0.787109375 0.98046875 0.7998046875 0.9817703124999999 0.802734375 0.9778640624999999 0.802734375 0.9622390624999999 0.7978515625 0.9557296875000001 0.7900390625 0.9557296875000001 0.783203125 0.9622390624999999 0.783203125 0.9752609375000001
0 0.02734375 0.7877609375 0.033203125 0.79296875 0.0478515625 0.7942703125 0.0546875 0.7877609375 0.05859375 0.7721359375 0.0498046875 0.7578125 0.0361328125 0.7578125 0.02734375 0.76953125 0.02734375 0.7877609375