0 0.55859375 0.10026093750000001 0.568359375 0.10807343750000001 0.5732421875 0.109375 0.58203125 0.10026093750000001 0.58203125 0.08463593750000001 0.5771484375 0.078125 0.5712890625 0.07552031249999999 0.5634765625 0.078125 0.55859375 0.08463593750000001 0.55859375 0.10026093750000001
0 0.6865234375 0.4010421875 0.689453125 0.40234375 0.6962890625 0.4036453125 0.705078125 0.39453125 0.705078125 0.3815109375 0.7001953125 0.3723953125 0.6923828125 0.3723953125 0.68359375 0.3815109375 0.68359375 0.39453125 0.6865234375 0.4010421875
0 0.6171875 0.37890625 0.623046875 0.3841140625 0.6318359375 0.3854171875 0.638671875 0.3736984375 0.638671875 0.3658859375 0.6318359375 0.3567703125 0.6240234375 0.3567703125 0.615234375 0.37109375 0.6171875 0.37890625
0 0.921875 0.4466140625 0.9296875 0.45703125 0.9384765625 0.4583328125 0.9453125 0.4440109375 0.9453125 0.4283859375 0.9326171875 0.4192703125 0.9248046875 0.421875 0.919921875 0.43359375 0.921875 0.4466140625
0 0.892578125 0.4934890625 0.900390625 0.5013015625 0.9072265625 0.5026046875 0.916015625 0.48828125 0.9140625 0.4778640625 0.9072265625 0.4713546875 0.8994140625 0.4713546875 0.892578125 0.4778640625 0.892578125 0.4934890625
0 0.8623046875 0.6145828125 0.865234375 0.6158859375 0.8720703125 0.6171875 0.8759765625 0.6145828125 0.8828125 0.6028640625 0.8828125 0.5924484375 0.8759765625 0.5833328125 0.8642578125 0.5833328125 0.857421875 0.5924484375 0.857421875 0.60546875 0.8623046875 0.6145828125
0 0.3427734375 0.2630203125 0.34765625 0.2643234375 0.3525390625 0.265625 0.3564453125 0.2630203125 0.36328125 0.2513015625 0.36328125 0.2434890625 0.3564453125 0.2317703125 0.3466796875 0.2317703125 0.33984375 0.23828125 0.337890625 0.2434890625 0.337890625 0.2565109375 0.3427734375 0.2630203125
0 0.482421875 0.4596359375 0.48828125 0.46484375 0.4931640625 0.4661453125 0.501953125 0.4544265625 0.501953125 0.4440109375 0.4951171875 0.4348953125 0.4873046875 0.4348953125 0.48046875 0.4466140625 0.482421875 0.4596359375
0 0.4140625 0.57421875 0.419921875 0.5794265625 0.4287109375 0.5807296875 0.4326171875 0.578125 0.4375 0.5716140625 0.4375 0.55859375 0.4326171875 0.5494796875 0.4189453125 0.5442703125 0.4140625 0.5533859375 0.4140625 0.5638015625 0.412109375 0.56640625 0.4140625 0.57421875
0 0.4482421875 0.7552078125 0.451171875 0.7565109375 0.4599609375 0.7578125 0.466796875 0.7513015625 0.46875 0.74609375 0.466796875 0.7330734375 0.4599609375 0.7265625 0.4521484375 0.7265625 0.44140625 0.7434890625 0.4482421875 0.7552078125
0 0.10546875 0.73828125 0.115234375 0.7486984375 0.1181640625 0.75 0.1220703125 0.7473953125 0.126953125 0.7408859375 0.126953125 0.73046875 0.1201171875 0.7213546875 0.1123046875 0.7213546875 0.10546875 0.7330734375 0.10546875 0.73828125
0 0.39453125 0.90234375 0.40234375 0.91015625 0.4091796875 0.9114578124999999 0.416015625 0.9049484375000001 0.41796875 0.89453125 0.416015625 0.88671875 0.4111328125 0.8802078124999999 0.3994140625 0.8802078124999999 0.39453125 0.8893234375000001 0.39453125 0.90234375
0 0.033203125 0.9778640624999999 0.03515625 0.98046875 0.0458984375 0.9817703124999999 0.05078125 0.9752609375000001 0.052734375 0.96484375 0.0478515625 0.9557296875000001 0.0400390625 0.9557296875000001 0.033203125 0.9622390624999999 0.033203125 0.9778640624999999