0 0.443359375 0.31640625 0.443359375 0.30078125 0.4326171875 0.2916671875 0.4248046875 0.2942703125 0.41796875 0.3033859375 0.41796875 0.3138015625 0.421875 0.3216140625 0.4267578125 0.3255203125 0.439453125 0.32421875 0.443359375 0.31640625
0 0.63671875 0.0559890625 0.640625 0.04296875 0.6357421875 0.0338546875 0.6259765625 0.03125 0.619140625 0.0377609375 0.619140625 0.05078125 0.62109375 0.0559890625 0.6259765625 0.0598953125 0.6328125 0.05859375 0.63671875 0.0559890625
0 0.7861328125 0.1875 0.7890625 0.1861984375 0.7939453125 0.1848953125 0.796875 0.1809890625 0.796875 0.1705734375 0.794921875 0.1653640625 0.7900390625 0.1614578125 0.7822265625 0.1614578125 0.77734375 0.16796875 0.77734375 0.17578125 0.7822265625 0.1848953125 0.7861328125 0.1875
0 0.66796875 0.5221359375 0.669921875 0.51171875 0.6611328125 0.4973953125 0.6552734375 0.4947921875 0.6494140625 0.4973953125 0.642578125 0.5065109375 0.640625 0.51953125 0.6494140625 0.5338546875 0.66015625 0.5325515625 0.66796875 0.5221359375
0 0.560546875 0.68359375 0.5556640625 0.6744796875 0.5478515625 0.671875 0.5390625 0.6809890625 0.5390625 0.6966140625 0.5439453125 0.7005203125 0.5546875 0.69921875 0.55859375 0.6940109375 0.560546875 0.68359375
0 0.5546875 0.8216140624999999 0.5478515625 0.8098953124999999 0.5322265625 0.8072921875000001 0.525390625 0.8190109375000001 0.52734375 0.8372390624999999 0.5322265625 0.84375 0.544921875 0.8424484375000001 0.548828125 0.83984375 0.5546875 0.8216140624999999
0 0.5986328125 0.7578125 0.6015625 0.7513015625 0.6015625 0.7330734375 0.5947265625 0.7265625 0.5869140625 0.7265625 0.580078125 0.73828125 0.580078125 0.7486984375 0.5849609375 0.7578125 0.59375 0.7591140625 0.5986328125 0.7578125
0 0.890625 0.7981765625 0.890625 0.7799484375 0.8857421875 0.7734375 0.8798828125 0.7708328125 0.8740234375 0.7734375 0.8671875 0.7825515625 0.8671875 0.7955734375 0.8779296875 0.8072921875000001 0.884765625 0.8059890624999999 0.890625 0.7981765625
0 0.92578125 0.89453125 0.9296875 0.8919265624999999 0.93359375 0.8815109375000001 0.93359375 0.8736984375000001 0.9287109375 0.8645828124999999 0.9228515625 0.8619796875000001 0.9111328125 0.8645828124999999 0.90625 0.8736984375000001 0.91015625 0.8893234375000001 0.9189453125 0.8958328124999999 0.92578125 0.89453125
0 0.849609375 0.54296875 0.84765625 0.5299484375 0.8388671875 0.5182296875 0.8291015625 0.5182296875 0.8212890625 0.5234375 0.81640625 0.53515625 0.818359375 0.55078125 0.8251953125 0.5598953125 0.83984375 0.55859375 0.849609375 0.54296875
0 0.982421875 0.5638015625 0.9873046875 0.5625 0.9921875 0.5559890625 0.994140625 0.5403640625 0.9873046875 0.5286453125 0.9755859375 0.5260421875 0.966796875 0.53515625 0.96484375 0.5481765625 0.9697265625 0.5598953125 0.9775390625 0.5651046875 0.982421875 0.5638015625