0 0.109375 0.6002609375 0.111328125 0.5924484375 0.109375 0.58203125 0.1005859375 0.5729171875 0.0927734375 0.5729171875 0.083984375 0.5872390625 0.087890625 0.6028640625 0.0908203125 0.6067703125 0.10546875 0.60546875 0.109375 0.6002609375
0 0.177734375 0.55859375 0.1728515625 0.5520828125 0.1611328125 0.5520828125 0.15625 0.55859375 0.15625 0.57421875 0.1611328125 0.5807296875 0.173828125 0.5794265625 0.1796875 0.5690109375 0.177734375 0.55859375
0 0.310546875 0.54296875 0.3056640625 0.5338546875 0.2958984375 0.53125 0.2890625 0.5377609375 0.2890625 0.5533859375 0.2939453125 0.5625 0.306640625 0.5611984375 0.310546875 0.5533859375 0.310546875 0.54296875
0 0.599609375 0.2434890625 0.611328125 0.23046875 0.611328125 0.2174484375 0.607421875 0.20703125 0.5986328125 0.2005203125 0.5830078125 0.203125 0.578125 0.2096359375 0.576171875 0.2174484375 0.576171875 0.2330734375 0.5849609375 0.2447921875 0.599609375 0.2434890625
0 0.51953125 0.1549484375 0.5126953125 0.1432296875 0.5068359375 0.1432296875 0.501953125 0.1471359375 0.498046875 0.1627609375 0.5048828125 0.171875 0.513671875 0.1705734375 0.517578125 0.16796875 0.51953125 0.1549484375
0 0.697265625 0.05078125 0.697265625 0.03515625 0.6904296875 0.0286453125 0.6806640625 0.0286453125 0.673828125 0.0403640625 0.673828125 0.0481765625 0.6787109375 0.0572921875 0.6826171875 0.0598953125 0.689453125 0.05859375 0.697265625 0.05078125
0 0.77734375 0.10286406249999999 0.77734375 0.08984375 0.775390625 0.08463593750000001 0.7705078125 0.08072968750000001 0.7607421875 0.08072968750000001 0.751953125 0.09244843750000001 0.751953125 0.10286406249999999 0.7587890625 0.11458281249999999 0.771484375 0.11328125 0.77734375 0.10286406249999999
0 0.8515625 0.41796875 0.853515625 0.4075515625 0.8466796875 0.3958328125 0.8369140625 0.3958328125 0.8330078125 0.3984375 0.830078125 0.4049484375 0.830078125 0.4153640625 0.8388671875 0.4270828125 0.84375 0.42578125 0.8515625 0.41796875
0 0.73046875 0.49609375 0.736328125 0.4908859375 0.73828125 0.4778640625 0.736328125 0.47265625 0.7294921875 0.4661453125 0.7197265625 0.4661453125 0.712890625 0.4778640625 0.712890625 0.4856765625 0.71484375 0.4908859375 0.7216796875 0.4973953125 0.73046875 0.49609375
0 0.8076171875 0.671875 0.814453125 0.6705734375 0.8173828125 0.6692703125 0.82421875 0.6575515625 0.82421875 0.6471359375 0.8173828125 0.6380203125 0.8076171875 0.6354171875 0.798828125 0.64453125 0.796875 0.6549484375 0.798828125 0.6627609375 0.8037109375 0.6692703125 0.8076171875 0.671875
0 0.83984375 0.7981765625 0.84765625 0.7877609375 0.84765625 0.7747390625 0.8408203125 0.765625 0.8310546875 0.7630203125 0.8271484375 0.765625 0.822265625 0.7747390625 0.822265625 0.7877609375 0.82421875 0.79296875 0.8310546875 0.7994796875 0.83984375 0.7981765625
0 0.9462890625 0.1901046875 0.9609375 0.1888015625 0.966796875 0.18359375 0.966796875 0.17578125 0.96875 0.1731765625 0.966796875 0.1653640625 0.9560546875 0.1536453125 0.9462890625 0.1536453125 0.9423828125 0.15625 0.9375 0.16796875 0.939453125 0.1809890625 0.9462890625 0.1901046875