0 0.9296875 0.5481765625 0.935546875 0.5559890625 0.9443359375 0.5572921875 0.951171875 0.5481765625 0.951171875 0.5377609375 0.9423828125 0.5260421875 0.9345703125 0.5286453125 0.9296875 0.53515625 0.9296875 0.5481765625
0 0.841796875 0.4674484375 0.849609375 0.4752609375 0.8583984375 0.4765625 0.86328125 0.47265625 0.8671875 0.46484375 0.8671875 0.44921875 0.8603515625 0.4401046875 0.8486328125 0.4401046875 0.841796875 0.44921875 0.841796875 0.45703125 0.83984375 0.4596359375 0.841796875 0.4674484375
0 0.775390625 0.4934890625 0.783203125 0.50390625 0.7919921875 0.5052078125 0.798828125 0.4986984375 0.80078125 0.4934890625 0.80078125 0.4778640625 0.7939453125 0.46875 0.7841796875 0.46875 0.779296875 0.47265625 0.775390625 0.48046875 0.775390625 0.4934890625
0 0.8193359375 0.5572921875 0.82421875 0.5611984375 0.8408203125 0.5625 0.845703125 0.5559890625 0.84765625 0.5455734375 0.845703125 0.5377609375 0.8408203125 0.53125 0.8369140625 0.5286453125 0.8212890625 0.5286453125 0.81640625 0.5325515625 0.814453125 0.5481765625 0.8193359375 0.5572921875
0 0.5947265625 0.3776046875 0.6015625 0.37890625 0.6103515625 0.3776046875 0.6171875 0.3658859375 0.6171875 0.3528640625 0.6103515625 0.3411453125 0.5947265625 0.3411453125 0.587890625 0.3528640625 0.587890625 0.3684890625 0.5947265625 0.3776046875
0 0.42578125 0.53515625 0.43359375 0.5455734375 0.4404296875 0.546875 0.4482421875 0.5416671875 0.453125 0.5325515625 0.455078125 0.5247390625 0.453125 0.5169265625 0.4462890625 0.5078125 0.4326171875 0.5078125 0.42578125 0.5143234375 0.423828125 0.51953125 0.42578125 0.53515625
0 0.412109375 0.5794265625 0.423828125 0.5924484375 0.4287109375 0.59375 0.4345703125 0.5885421875 0.4384765625 0.5885421875 0.4453125 0.5794265625 0.4453125 0.56640625 0.4384765625 0.5520828125 0.4287109375 0.5494796875 0.4228515625 0.5520828125 0.4140625 0.5638015625 0.412109375 0.5794265625
0 0.4921875 0.6471359375 0.49609375 0.65234375 0.5087890625 0.6536453125 0.517578125 0.64453125 0.51953125 0.6315109375 0.5126953125 0.6197921875 0.4990234375 0.6197921875 0.494140625 0.6236984375 0.490234375 0.6393234375 0.4921875 0.6471359375
0 0.1416015625 0.5182296875 0.14453125 0.51953125 0.1572265625 0.5208328125 0.1669921875 0.5130203125 0.169921875 0.5065109375 0.169921875 0.49609375 0.166015625 0.4856765625 0.1572265625 0.4765625 0.1435546875 0.4765625 0.134765625 0.48828125 0.134765625 0.5065109375 0.1416015625 0.5182296875
0 0.0595703125 0.3359375 0.064453125 0.3372390625 0.0732421875 0.3385421875 0.080078125 0.33203125 0.08203125 0.3268234375 0.08203125 0.3138015625 0.0732421875 0.2994796875 0.0615234375 0.2994796875 0.052734375 0.3138015625 0.052734375 0.3268234375 0.0595703125 0.3359375
0 0.6826171875 0 0.6796875 0.00390625 0.6796875 0.0143234375 0.6875 0.02734375 0.7001953125 0.0286453125 0.70703125 0.01953125 0.708984375 0.0091140625 0.7060546875 0 0.6826171875 0