0 0.02734375 0.1783859375 0.02734375 0.16796875 0.0205078125 0.1588546875 0.0126953125 0.1588546875 0.005859375 0.16796875 0.005859375 0.1783859375 0.0107421875 0.1875 0.0146484375 0.1901046875 0.021484375 0.1888015625 0.02734375 0.1783859375
0 0.455078125 0.03515625 0.4482421875 0.0260421875 0.4423828125 0.0260421875 0.43359375 0.03515625 0.43359375 0.0481765625 0.4404296875 0.0572921875 0.44921875 0.0559890625 0.455078125 0.0481765625 0.455078125 0.03515625
0 0.5732421875 0.1796875 0.5859375 0.1783859375 0.5888671875 0.1770828125 0.59375 0.16796875 0.59375 0.16015625 0.58984375 0.1497390625 0.5849609375 0.1458328125 0.5751953125 0.1458328125 0.5712890625 0.1484375 0.56640625 0.1575515625 0.568359375 0.1731765625 0.5732421875 0.1796875
0 0.9130859375 0.2421875 0.919921875 0.23046875 0.91796875 0.2200515625 0.9130859375 0.2135421875 0.9013671875 0.2135421875 0.89453125 0.22265625 0.89453125 0.2356765625 0.9033203125 0.2447921875 0.91015625 0.2434890625 0.9130859375 0.2421875
0 0.814453125 0.4153640625 0.822265625 0.4075515625 0.82421875 0.3997390625 0.822265625 0.3919265625 0.8134765625 0.3828125 0.8037109375 0.3828125 0.7998046875 0.3854171875 0.794921875 0.39453125 0.796875 0.4127609375 0.8017578125 0.4166671875 0.814453125 0.4153640625
0 0.96875 0.08203125 0.9736328125 0.0859375 0.986328125 0.08463593750000001 0.9921875 0.07682343750000001 0.994140625 0.06640625 0.990234375 0.05859375 0.990234375 0.0533859375 0.9853515625 0.046875 0.9755859375 0.046875 0.970703125 0.05078125 0.966796875 0.0611984375 0.966796875 0.07682343750000001 0.96875 0.08203125
0 0.619140625 0.7330734375 0.6123046875 0.7265625 0.6005859375 0.7291671875 0.59765625 0.7330734375 0.59765625 0.74609375 0.6044921875 0.7552078125 0.615234375 0.75390625 0.619140625 0.7486984375 0.619140625 0.7330734375
0 0.912109375 0.9388015624999999 0.912109375 0.9231765624999999 0.91015625 0.91796875 0.9033203125 0.9114578124999999 0.8935546875 0.9114578124999999 0.88671875 0.9205734375000001 0.884765625 0.93359375 0.8935546875 0.9479171875000001 0.904296875 0.9466140624999999 0.912109375 0.9388015624999999
0 0.146484375 0.66015625 0.146484375 0.6497390625 0.1396484375 0.640625 0.1318359375 0.640625 0.126953125 0.6471359375 0.125 0.6549484375 0.1318359375 0.6666671875 0.1357421875 0.6692703125 0.138671875 0.66796875 0.146484375 0.66015625
0 0.189453125 0.8138015624999999 0.189453125 0.8059890624999999 0.1845703125 0.796875 0.1748046875 0.7942703125 0.166015625 0.8059890624999999 0.1640625 0.8138015624999999 0.166015625 0.8190109375000001 0.1728515625 0.8255203124999999 0.18359375 0.82421875 0.189453125 0.8138015624999999
0 0.2421875 0.8111984375000001 0.2373046875 0.8046875 0.2294921875 0.8046875 0.224609375 0.8111984375000001 0.224609375 0.82421875 0.2294921875 0.8307296875000001 0.240234375 0.8294265624999999 0.2421875 0.8268234375000001 0.2421875 0.8111984375000001