0 0.896484375 0.3059890625 0.904296875 0.3138015625 0.9072265625 0.3151046875 0.9150390625 0.3098953125 0.919921875 0.2981765625 0.91796875 0.2877609375 0.9111328125 0.28125 0.9013671875 0.2838546875 0.896484375 0.2903640625 0.89453125 0.2981765625 0.896484375 0.3059890625
0 0.826171875 0.3580734375 0.83203125 0.3658859375 0.8408203125 0.3671875 0.8515625 0.35546875 0.8515625 0.3424484375 0.8466796875 0.3333328125 0.8427734375 0.3307296875 0.8310546875 0.3307296875 0.82421875 0.3450515625 0.826171875 0.3580734375
0 0.57421875 0.3841140625 0.578125 0.3919265625 0.5888671875 0.3932296875 0.591796875 0.3893234375 0.595703125 0.3763015625 0.5888671875 0.3645828125 0.5791015625 0.3645828125 0.57421875 0.37109375 0.57421875 0.3841140625
0 0.541015625 0.4283859375 0.544921875 0.43359375 0.5537109375 0.4348953125 0.560546875 0.42578125 0.560546875 0.4153640625 0.5556640625 0.4088546875 0.5478515625 0.4088546875 0.541015625 0.41796875 0.541015625 0.4283859375
0 0.3505859375 0.3020828125 0.353515625 0.3033859375 0.3623046875 0.3046875 0.369140625 0.2981765625 0.37109375 0.29296875 0.37109375 0.2799484375 0.3642578125 0.2708328125 0.3583984375 0.2682296875 0.3505859375 0.2708328125 0.345703125 0.2799484375 0.345703125 0.29296875 0.3505859375 0.3020828125
0 0.224609375 0.2513015625 0.23046875 0.2565109375 0.2373046875 0.2578125 0.2421875 0.25390625 0.244140625 0.2486984375 0.244140625 0.23828125 0.2353515625 0.2291671875 0.2294921875 0.2291671875 0.22265625 0.2356765625 0.224609375 0.2513015625
0 0.0537109375 0 0.05078125 0.00390625 0.05078125 0.0143234375 0.05859375 0.0221359375 0.0693359375 0.0234375 0.07421875 0.0169265625 0.07421875 0.006510937499999999 0.0693359375 0 0.0537109375 0
0 0.2158203125 0.4192703125 0.220703125 0.4205734375 0.2255859375 0.421875 0.2294921875 0.4192703125 0.236328125 0.4075515625 0.236328125 0.3971359375 0.2294921875 0.3854171875 0.2177734375 0.3854171875 0.2138671875 0.3880203125 0.208984375 0.3997390625 0.2109375 0.4127609375 0.2158203125 0.4192703125
0 0.2138671875 0.6380203125 0.216796875 0.6393234375 0.2216796875 0.640625 0.23046875 0.6315109375 0.23046875 0.6158859375 0.2255859375 0.6067703125 0.2158203125 0.6067703125 0.208984375 0.6158859375 0.208984375 0.62890625 0.2138671875 0.6380203125
0 0.111328125 0.75390625 0.1171875 0.7591140625 0.1240234375 0.7604171875 0.1318359375 0.7552078125 0.134765625 0.7486984375 0.134765625 0.7356765625 0.1279296875 0.7265625 0.1162109375 0.7265625 0.109375 0.73828125 0.111328125 0.75390625
0 0.087890625 0.69921875 0.09765625 0.7096359375 0.1005859375 0.7109375 0.1044921875 0.7083328125 0.111328125 0.69921875 0.111328125 0.6888015625 0.1044921875 0.6770828125 0.0947265625 0.6770828125 0.087890625 0.6861984375 0.087890625 0.69921875
0 0.2421875 0.9622390624999999 0.24609375 0.9674484375000001 0.2607421875 0.96875 0.265625 0.9622390624999999 0.267578125 0.94921875 0.2626953125 0.9375 0.2587890625 0.9348953124999999 0.2490234375 0.9348953124999999 0.2421875 0.9440109375000001 0.240234375 0.9518234375000001 0.2421875 0.9544265624999999 0.2421875 0.9622390624999999
0 0.513671875 0.85546875 0.51953125 0.86328125 0.5302734375 0.8645828124999999 0.537109375 0.85546875 0.5390625 0.84765625 0.53515625 0.8346359375000001 0.5263671875 0.828125 0.5185546875 0.8307296875000001 0.51171875 0.8450515624999999 0.513671875 0.85546875
0 0.3583984375 0.4921875 0.361328125 0.49609375 0.3662109375 0.4973953125 0.37109375 0.4908859375 0.373046875 0.4752609375 0.3662109375 0.4635421875 0.3583984375 0.4609375 0.345703125 0.4700515625 0.34375 0.4830734375 0.3486328125 0.4947921875 0.3583984375 0.4921875