0 0.955078125 0.51171875 0.9609375 0.5221359375 0.9677734375 0.5234375 0.97265625 0.5169265625 0.974609375 0.5091140625 0.97265625 0.5013015625 0.9677734375 0.4947921875 0.9580078125 0.4921875 0.955078125 0.49609375 0.955078125 0.51171875
0 0.853515625 0.7486984375 0.861328125 0.7565109375 0.8720703125 0.7578125 0.880859375 0.7486984375 0.8828125 0.7408859375 0.880859375 0.7330734375 0.8759765625 0.7265625 0.8642578125 0.7239578125 0.853515625 0.7356765625 0.853515625 0.7486984375
0 0.71484375 0.9856765624999999 0.72265625 0.9934890624999999 0.7314453125 0.9947921875000001 0.7421875 0.9830734375000001 0.7421875 0.9674484375000001 0.7333984375 0.9583328124999999 0.7216796875 0.9583328124999999 0.712890625 0.97265625 0.71484375 0.9856765624999999
0 0.4609375 0.0611984375 0.46875 0.06901093750000001 0.4775390625 0.0703125 0.484375 0.06380156249999999 0.486328125 0.05859375 0.484375 0.04296875 0.4775390625 0.0364578125 0.4697265625 0.0364578125 0.4609375 0.0455734375 0.4609375 0.0611984375
0 0.443359375 0.3450515625 0.447265625 0.3502609375 0.4599609375 0.3515625 0.466796875 0.33984375 0.46484375 0.3294265625 0.4560546875 0.3203125 0.4462890625 0.3203125 0.443359375 0.32421875 0.44140625 0.3372390625 0.443359375 0.3450515625
0 0.4931640625 0.515625 0.49609375 0.5169265625 0.5009765625 0.5182296875 0.5048828125 0.515625 0.509765625 0.5065109375 0.5078125 0.4934890625 0.5029296875 0.4895828125 0.4931640625 0.4921875 0.490234375 0.4986984375 0.490234375 0.5091140625 0.4931640625 0.515625
0 0.4970703125 0.7630203125 0.505859375 0.7643234375 0.5107421875 0.7630203125 0.517578125 0.7513015625 0.517578125 0.73828125 0.5126953125 0.7317703125 0.5029296875 0.7317703125 0.4951171875 0.7369796875 0.490234375 0.74609375 0.4921875 0.7565109375 0.4970703125 0.7630203125
0 0.322265625 0.9075515624999999 0.330078125 0.9231765624999999 0.3408203125 0.9244796875000001 0.349609375 0.9153640624999999 0.3515625 0.9049484375000001 0.3466796875 0.8880203124999999 0.3427734375 0.8854171875000001 0.3330078125 0.8854171875000001 0.32421875 0.8997390624999999 0.322265625 0.9075515624999999
0 0.2890625 0.9518234375000001 0.294921875 0.95703125 0.3037109375 0.9583328124999999 0.30859375 0.9544265624999999 0.310546875 0.94921875 0.3125 0.94140625 0.310546875 0.93359375 0.3056640625 0.9270828124999999 0.2958984375 0.9270828124999999 0.287109375 0.94140625 0.2890625 0.9518234375000001
0 0.1982421875 0.671875 0.201171875 0.6731765625 0.2060546875 0.671875 0.212890625 0.6627609375 0.212890625 0.6471359375 0.2080078125 0.6380203125 0.2041015625 0.6380203125 0.1953125 0.65234375 0.1953125 0.6653640625 0.1982421875 0.671875
0 0.046875 0.5013015625 0.052734375 0.5091140625 0.0615234375 0.5104171875 0.068359375 0.50390625 0.068359375 0.49609375 0.0703125 0.4934890625 0.068359375 0.4856765625 0.0615234375 0.4791671875 0.0537109375 0.4791671875 0.046875 0.48828125 0.046875 0.5013015625