0 0.80859375 0.06640625 0.814453125 0.07161406249999999 0.8212890625 0.07291718750000001 0.830078125 0.06380156249999999 0.830078125 0.0481765625 0.8232421875 0.0390625 0.8115234375 0.0416671875 0.806640625 0.05078125 0.80859375 0.06640625
0 0.564453125 0.12890625 0.572265625 0.1393234375 0.5771484375 0.140625 0.5830078125 0.1380203125 0.591796875 0.12369843750000001 0.58984375 0.11067656249999999 0.5810546875 0.1015625 0.5732421875 0.1015625 0.56640625 0.10807343750000001 0.564453125 0.12890625
0 0.6845703125 0.328125 0.693359375 0.33203125 0.6982421875 0.3307296875 0.703125 0.32421875 0.705078125 0.3111984375 0.6982421875 0.2942703125 0.6904296875 0.2916671875 0.6845703125 0.2942703125 0.677734375 0.3033859375 0.677734375 0.31640625 0.6845703125 0.328125
0 0.5390625 0.25390625 0.544921875 0.2591140625 0.5556640625 0.2604171875 0.5625 0.25390625 0.564453125 0.2408859375 0.5576171875 0.2291671875 0.5478515625 0.2291671875 0.537109375 0.2408859375 0.5390625 0.25390625
0 0.779296875 0.55859375 0.78515625 0.56640625 0.7978515625 0.5677078125 0.8046875 0.55859375 0.8046875 0.5481765625 0.7978515625 0.5364578125 0.7861328125 0.5364578125 0.779296875 0.5455734375 0.779296875 0.55859375
0 0.501953125 0.3658859375 0.5078125 0.37109375 0.5146484375 0.3723953125 0.5185546875 0.3697921875 0.5234375 0.3606765625 0.521484375 0.34765625 0.5126953125 0.3385421875 0.5048828125 0.3385421875 0.5 0.3450515625 0.501953125 0.3658859375
0 0.369140625 0.3372390625 0.373046875 0.33984375 0.3779296875 0.3411453125 0.38671875 0.3346359375 0.388671875 0.32421875 0.3837890625 0.3151046875 0.3701171875 0.3151046875 0.3671875 0.3190109375 0.365234375 0.3268234375 0.369140625 0.3372390625
0 0.0859375 0.06640625 0.08984375 0.06901093750000001 0.1005859375 0.0703125 0.107421875 0.0611984375 0.107421875 0.05078125 0.1005859375 0.0416671875 0.0888671875 0.0416671875 0.083984375 0.0455734375 0.08203125 0.0559890625 0.0859375 0.06640625
0 0.0810546875 0.125 0.087890625 0.12890625 0.0927734375 0.1302078125 0.09765625 0.1263015625 0.09765625 0.11067656249999999 0.0908203125 0.10416718750000001 0.0830078125 0.10416718750000001 0.078125 0.11067656249999999 0.078125 0.11848906249999999 0.0810546875 0.125
0 0.205078125 0.6966140625 0.2109375 0.7018234375 0.2177734375 0.703125 0.2265625 0.6940109375 0.2265625 0.68359375 0.2197265625 0.6744796875 0.2080078125 0.6744796875 0.203125 0.68359375 0.205078125 0.6966140625
0 0.244140625 0.8138015624999999 0.251953125 0.8216140624999999 0.2626953125 0.8229171875000001 0.267578125 0.8138015624999999 0.26953125 0.8033859375000001 0.265625 0.79296875 0.2607421875 0.7890625 0.2490234375 0.7890625 0.2421875 0.7955734375 0.2421875 0.80859375 0.244140625 0.8138015624999999
0 0.4736328125 0.9479171875000001 0.478515625 0.94921875 0.4814453125 0.9505203124999999 0.4853515625 0.9479171875000001 0.494140625 0.9361984375000001 0.494140625 0.92578125 0.4873046875 0.9140625 0.4755859375 0.9140625 0.46875 0.9205734375000001 0.466796875 0.92578125 0.466796875 0.9361984375000001 0.470703125 0.9440109375000001 0.4736328125 0.9479171875000001
0 0.5224609375 0.8776046875000001 0.52734375 0.87890625 0.5341796875 0.8802078124999999 0.54296875 0.87109375 0.544921875 0.8658859375000001 0.544921875 0.8528640624999999 0.5380859375 0.84375 0.5302734375 0.8385421875000001 0.5244140625 0.8385421875000001 0.515625 0.8502609375000001 0.513671875 0.86328125 0.5224609375 0.8776046875000001