0 0.857421875 0.1575515625 0.8671875 0.16796875 0.8759765625 0.1666671875 0.880859375 0.16015625 0.8828125 0.15234375 0.880859375 0.14453125 0.8759765625 0.1380203125 0.8701171875 0.1354171875 0.8623046875 0.1380203125 0.857421875 0.1471359375 0.857421875 0.1575515625
0 0.8095703125 0.1614578125 0.8125 0.1627609375 0.8232421875 0.1640625 0.830078125 0.1549484375 0.830078125 0.1419265625 0.8271484375 0.1354171875 0.8154296875 0.1302078125 0.806640625 0.1393234375 0.8046875 0.15234375 0.8095703125 0.1614578125
0 0.861328125 0.21484375 0.8671875 0.22265625 0.8759765625 0.2239578125 0.8828125 0.21484375 0.8828125 0.2044265625 0.8740234375 0.1953125 0.8662109375 0.1979171875 0.861328125 0.20703125 0.861328125 0.21484375
0 0.97265625 0.3919265625 0.98046875 0.3997390625 0.9873046875 0.4010421875 0.994140625 0.3893234375 0.994140625 0.3815109375 0.9853515625 0.3723953125 0.9775390625 0.3723953125 0.970703125 0.3841140625 0.97265625 0.3919265625
0 0.7724609375 0.53125 0.775390625 0.5325515625 0.7880859375 0.5338546875 0.794921875 0.5247390625 0.796875 0.5091140625 0.7880859375 0.4947921875 0.7744140625 0.4947921875 0.767578125 0.5065109375 0.767578125 0.5221359375 0.7724609375 0.53125
0 0.806640625 0.8059890624999999 0.8125 0.8138015624999999 0.8232421875 0.8151046875000001 0.828125 0.8111984375000001 0.833984375 0.80078125 0.833984375 0.7903640625 0.8212890625 0.7760421875 0.8115234375 0.7786453125 0.8046875 0.7877609375 0.806640625 0.8059890624999999
0 0.64453125 0.98046875 0.65234375 0.9908859375000001 0.6630859375 0.9921875 0.66796875 0.98828125 0.669921875 0.9830734375000001 0.669921875 0.9622390624999999 0.6611328125 0.953125 0.6533203125 0.9557296875000001 0.64453125 0.9700515624999999 0.64453125 0.98046875
0 0.533203125 0.89453125 0.537109375 0.90234375 0.5498046875 0.9036453124999999 0.556640625 0.8971359375000001 0.55859375 0.8919265624999999 0.55859375 0.87890625 0.5537109375 0.8723953124999999 0.5419921875 0.8723953124999999 0.53515625 0.87890625 0.533203125 0.89453125
0 0.06640625 0.54296875 0.07421875 0.5533859375 0.0830078125 0.5546875 0.0869140625 0.5520828125 0.09375 0.5403640625 0.091796875 0.5247390625 0.0810546875 0.515625 0.0732421875 0.5182296875 0.064453125 0.5325515625 0.06640625 0.54296875
0 0.353515625 0.2122390625 0.359375 0.2174484375 0.3701171875 0.21875 0.376953125 0.2096359375 0.376953125 0.1940109375 0.3740234375 0.1901046875 0.3642578125 0.1875 0.35546875 0.1966140625 0.353515625 0.2122390625
0 0.41015625 0.6653640625 0.41796875 0.6783859375 0.4306640625 0.6796875 0.44140625 0.66796875 0.443359375 0.6497390625 0.439453125 0.63671875 0.4326171875 0.6302078125 0.4267578125 0.6302078125 0.4169921875 0.6354171875 0.41015625 0.6497390625 0.41015625 0.6653640625