0 0.7490234375 0.28125 0.751953125 0.2825515625 0.7626953125 0.2838546875 0.767578125 0.27734375 0.76953125 0.2643234375 0.7626953125 0.2552078125 0.7529296875 0.2552078125 0.74609375 0.26171875 0.74609375 0.2747390625 0.7490234375 0.28125
0 0.666015625 0.8684890624999999 0.669921875 0.8736984375000001 0.6845703125 0.875 0.6884765625 0.8723953124999999 0.69140625 0.8684890624999999 0.689453125 0.8528640624999999 0.6806640625 0.8463546875000001 0.6708984375 0.8489578124999999 0.666015625 0.85546875 0.666015625 0.8684890624999999
0 0.4794921875 0.9505203124999999 0.482421875 0.9518234375000001 0.4892578125 0.953125 0.49609375 0.9466140624999999 0.49609375 0.93359375 0.4873046875 0.9244796875000001 0.4833984375 0.9244796875000001 0.4765625 0.93359375 0.4765625 0.9440109375000001 0.4794921875 0.9505203124999999
0 0.4296875 0.6861984375 0.435546875 0.69140625 0.4443359375 0.6927078125 0.44921875 0.6861984375 0.451171875 0.67578125 0.4462890625 0.6666671875 0.4345703125 0.6666671875 0.4296875 0.6731765625 0.4296875 0.6861984375
0 0.6416015625 0.4921875 0.646484375 0.4934890625 0.6572265625 0.4947921875 0.6640625 0.48828125 0.666015625 0.4752609375 0.6572265625 0.4609375 0.6474609375 0.4609375 0.638671875 0.4700515625 0.638671875 0.4778640625 0.63671875 0.48046875 0.638671875 0.48828125 0.6416015625 0.4921875
0 0.541015625 0.45703125 0.55078125 0.4674484375 0.5615234375 0.46875 0.5654296875 0.4661453125 0.572265625 0.4544265625 0.57421875 0.4466140625 0.572265625 0.43359375 0.5615234375 0.421875 0.5517578125 0.421875 0.5478515625 0.4244796875 0.5390625 0.4388015625 0.5390625 0.4518234375 0.541015625 0.45703125
0 0.5390625 0.3268234375 0.544921875 0.3346359375 0.5537109375 0.3359375 0.560546875 0.3268234375 0.560546875 0.3138015625 0.5517578125 0.3046875 0.5478515625 0.3046875 0.5390625 0.31640625 0.5390625 0.3268234375
0 0.5712890625 0.3125 0.576171875 0.3138015625 0.5830078125 0.3125 0.591796875 0.2981765625 0.591796875 0.29296875 0.5859375 0.27734375 0.5810546875 0.2734375 0.5732421875 0.2734375 0.5625 0.28515625 0.5625 0.30078125 0.564453125 0.3059890625 0.5712890625 0.3125
0 0.486328125 0.1940109375 0.49609375 0.2044265625 0.5009765625 0.2057296875 0.5087890625 0.2005203125 0.513671875 0.1888015625 0.509765625 0.17578125 0.5029296875 0.1692703125 0.4951171875 0.1692703125 0.48828125 0.17578125 0.486328125 0.1809890625 0.486328125 0.1940109375
0 0.873046875 0.7252609375 0.880859375 0.7330734375 0.8935546875 0.734375 0.900390625 0.7278640625 0.90234375 0.72265625 0.900390625 0.7122390625 0.8896484375 0.7005203125 0.8798828125 0.703125 0.873046875 0.7096359375 0.87109375 0.71484375 0.873046875 0.7252609375
0 0.6572265625 0.5989578125 0.666015625 0.6028640625 0.6767578125 0.6041671875 0.685546875 0.5872390625 0.685546875 0.58203125 0.6767578125 0.5677078125 0.6630859375 0.5677078125 0.65625 0.57421875 0.654296875 0.5924484375 0.6572265625 0.5989578125
0 0.263671875 0.0299484375 0.271484375 0.0377609375 0.2802734375 0.0390625 0.28515625 0.0299484375 0.28515625 0.01953125 0.2802734375 0.0104171875 0.2666015625 0.0104171875 0.263671875 0.0169265625 0.263671875 0.0299484375