0 0.193359375 0.05078125 0.1884765625 0.0416671875 0.1767578125 0.0390625 0.169921875 0.0481765625 0.169921875 0.06380156249999999 0.1787109375 0.07291718750000001 0.185546875 0.07161406249999999 0.19140625 0.06640625 0.193359375 0.05078125
0 0.435546875 0.12890625 0.43359375 0.10807343750000001 0.4267578125 0.1015625 0.4189453125 0.1015625 0.41015625 0.11067656249999999 0.408203125 0.12369843750000001 0.4169921875 0.1380203125 0.4228515625 0.140625 0.427734375 0.1393234375 0.435546875 0.12890625
0 0.306640625 0.33203125 0.3154296875 0.328125 0.322265625 0.31640625 0.322265625 0.3033859375 0.3154296875 0.2942703125 0.3095703125 0.2916671875 0.3017578125 0.2942703125 0.294921875 0.3111984375 0.296875 0.32421875 0.3017578125 0.3307296875 0.306640625 0.33203125
0 0.462890625 0.2408859375 0.4521484375 0.2291671875 0.4423828125 0.2291671875 0.435546875 0.2408859375 0.4375 0.25390625 0.4443359375 0.2604171875 0.455078125 0.2591140625 0.4609375 0.25390625 0.462890625 0.2408859375
0 0.220703125 0.5455734375 0.2138671875 0.5364578125 0.2021484375 0.5364578125 0.1953125 0.5481765625 0.1953125 0.55859375 0.2021484375 0.5677078125 0.21484375 0.56640625 0.220703125 0.55859375 0.220703125 0.5455734375
0 0.498046875 0.3658859375 0.5 0.3450515625 0.4951171875 0.3385421875 0.4873046875 0.3385421875 0.478515625 0.34765625 0.4765625 0.3606765625 0.4814453125 0.3697921875 0.4853515625 0.3723953125 0.4921875 0.37109375 0.498046875 0.3658859375
0 0.630859375 0.3372390625 0.634765625 0.3268234375 0.6328125 0.3190109375 0.6298828125 0.3151046875 0.6162109375 0.3151046875 0.611328125 0.32421875 0.61328125 0.3346359375 0.6220703125 0.3411453125 0.626953125 0.33984375 0.630859375 0.3372390625
0 0.9140625 0.06640625 0.91796875 0.0559890625 0.916015625 0.0455734375 0.9111328125 0.0416671875 0.8994140625 0.0416671875 0.892578125 0.05078125 0.892578125 0.0611984375 0.8994140625 0.0703125 0.91015625 0.06901093750000001 0.9140625 0.06640625
0 0.9189453125 0.125 0.921875 0.11848906249999999 0.921875 0.11067656249999999 0.9169921875 0.10416718750000001 0.9091796875 0.10416718750000001 0.90234375 0.11067656249999999 0.90234375 0.1263015625 0.9072265625 0.1302078125 0.912109375 0.12890625 0.9189453125 0.125
0 0.796875 0.68359375 0.7919921875 0.6744796875 0.7802734375 0.6744796875 0.7734375 0.68359375 0.7734375 0.6940109375 0.7822265625 0.703125 0.7890625 0.7018234375 0.794921875 0.6966140625 0.796875 0.68359375
0 0.748046875 0.8216140624999999 0.755859375 0.8138015624999999 0.7578125 0.80859375 0.7578125 0.7955734375 0.7509765625 0.7890625 0.7392578125 0.7890625 0.734375 0.79296875 0.73046875 0.8033859375000001 0.732421875 0.8138015624999999 0.7373046875 0.8229171875000001 0.748046875 0.8216140624999999
0 0.5146484375 0.9479171875000001 0.5185546875 0.9505203124999999 0.521484375 0.94921875 0.5263671875 0.9479171875000001 0.529296875 0.9440109375000001 0.533203125 0.9361984375000001 0.533203125 0.92578125 0.53125 0.9205734375000001 0.5244140625 0.9140625 0.5126953125 0.9140625 0.505859375 0.92578125 0.505859375 0.9361984375000001 0.5146484375 0.9479171875000001
0 0.4658203125 0.8802078124999999 0.47265625 0.87890625 0.4775390625 0.8776046875000001 0.486328125 0.86328125 0.484375 0.8502609375000001 0.4755859375 0.8385421875000001 0.4697265625 0.8385421875000001 0.4619140625 0.84375 0.455078125 0.8528640624999999 0.455078125 0.8658859375000001 0.45703125 0.87109375 0.4658203125 0.8802078124999999