0 0.2587890625 0.3125 0.2626953125 0.3151046875 0.26953125 0.3138015625 0.2744140625 0.3125 0.279296875 0.3059890625 0.28125 0.29296875 0.279296875 0.28515625 0.2724609375 0.2760421875 0.2646484375 0.2734375 0.25390625 0.2825515625 0.251953125 0.2877609375 0.251953125 0.30078125 0.2587890625 0.3125
0 0.4658203125 0.1510421875 0.46875 0.1497390625 0.4736328125 0.1484375 0.478515625 0.1419265625 0.48046875 0.13671875 0.48046875 0.12109375 0.4755859375 0.11197968750000001 0.4580078125 0.109375 0.44921875 0.12369843750000001 0.44921875 0.1341140625 0.4560546875 0.1458328125 0.4658203125 0.1510421875
0 0.525390625 0.26171875 0.5166015625 0.2526046875 0.5048828125 0.2552078125 0.5 0.2643234375 0.5 0.27734375 0.5068359375 0.2864578125 0.51953125 0.28515625 0.525390625 0.2747390625 0.525390625 0.26171875
0 0.484375 0.43359375 0.4921875 0.42578125 0.494140625 0.4127609375 0.4873046875 0.4010421875 0.4833984375 0.3984375 0.4736328125 0.3984375 0.46484375 0.4075515625 0.46484375 0.4205734375 0.4697265625 0.4296875 0.4775390625 0.4348953125 0.484375 0.43359375
0 0.14453125 0.80078125 0.154296875 0.7903640625 0.154296875 0.7799484375 0.1494140625 0.7708328125 0.1357421875 0.7708328125 0.130859375 0.77734375 0.12890625 0.78515625 0.130859375 0.7877609375 0.130859375 0.7955734375 0.1376953125 0.8020828124999999 0.14453125 0.80078125
0 0.513671875 0.8684890624999999 0.521484375 0.85546875 0.521484375 0.8450515624999999 0.51953125 0.83984375 0.5107421875 0.8307296875000001 0.5009765625 0.8333328124999999 0.4921875 0.8450515624999999 0.4921875 0.8580734375000001 0.494140625 0.86328125 0.5009765625 0.8697921875000001 0.513671875 0.8684890624999999
0 0.9462890625 0.7291671875 0.94921875 0.7278640625 0.9599609375 0.7239578125 0.966796875 0.70703125 0.962890625 0.69140625 0.9580078125 0.6848953125 0.9462890625 0.6875 0.939453125 0.6940109375 0.935546875 0.7044265625 0.935546875 0.7174484375 0.9423828125 0.7265625 0.9462890625 0.7291671875
0 0.857421875 0.6236984375 0.8671875 0.6080734375 0.8671875 0.5924484375 0.8603515625 0.5833328125 0.8525390625 0.5807296875 0.8466796875 0.5833328125 0.837890625 0.5950515625 0.837890625 0.6106765625 0.8447265625 0.6223953125 0.8486328125 0.625 0.857421875 0.6236984375
0 0.884765625 0.50390625 0.884765625 0.4934890625 0.8779296875 0.4817703125 0.8642578125 0.4817703125 0.857421875 0.4908859375 0.85546875 0.4986984375 0.857421875 0.51171875 0.8642578125 0.5182296875 0.876953125 0.5169265625 0.884765625 0.50390625
0 0.9921875 0.45703125 0.9921875 0.4440109375 0.9873046875 0.4348953125 0.9814453125 0.4348953125 0.9775390625 0.4375 0.97265625 0.4466140625 0.97265625 0.4596359375 0.9775390625 0.4661453125 0.98828125 0.46484375 0.9921875 0.45703125
0 0.732421875 0.0559890625 0.740234375 0.0481765625 0.7421875 0.04296875 0.7421875 0.0299484375 0.7314453125 0.0182296875 0.7255859375 0.015625 0.7177734375 0.0182296875 0.712890625 0.02734375 0.712890625 0.0455734375 0.7216796875 0.0572921875 0.732421875 0.0559890625