0 0.1328125 0.16796875 0.142578125 0.1575515625 0.142578125 0.1471359375 0.1376953125 0.1380203125 0.1298828125 0.1354171875 0.1240234375 0.1380203125 0.119140625 0.14453125 0.1171875 0.15234375 0.119140625 0.16015625 0.1240234375 0.1666671875 0.1328125 0.16796875
0 0.1904296875 0.1614578125 0.1953125 0.15234375 0.193359375 0.1393234375 0.1845703125 0.1302078125 0.1728515625 0.1354171875 0.169921875 0.1419265625 0.169921875 0.1549484375 0.1767578125 0.1640625 0.1875 0.1627609375 0.1904296875 0.1614578125
0 0.138671875 0.20703125 0.1337890625 0.1979171875 0.1259765625 0.1953125 0.1171875 0.2044265625 0.1171875 0.21484375 0.1240234375 0.2239578125 0.1328125 0.22265625 0.138671875 0.21484375 0.138671875 0.20703125
0 0.029296875 0.3841140625 0.0224609375 0.3723953125 0.0146484375 0.3723953125 0.005859375 0.3815109375 0.005859375 0.3893234375 0.0126953125 0.4010421875 0.01953125 0.3997390625 0.02734375 0.3919265625 0.029296875 0.3841140625
0 0.2275390625 0.53125 0.232421875 0.5221359375 0.232421875 0.5065109375 0.2255859375 0.4947921875 0.2119140625 0.4947921875 0.203125 0.5091140625 0.205078125 0.5247390625 0.2119140625 0.5338546875 0.224609375 0.5325515625 0.2275390625 0.53125
0 0.193359375 0.8059890624999999 0.1953125 0.7877609375 0.1884765625 0.7786453125 0.1787109375 0.7760421875 0.166015625 0.7903640625 0.166015625 0.80078125 0.171875 0.8111984375000001 0.1767578125 0.8151046875000001 0.1875 0.8138015624999999 0.193359375 0.8059890624999999
0 0.35546875 0.98046875 0.35546875 0.9700515624999999 0.3466796875 0.9557296875000001 0.3388671875 0.953125 0.330078125 0.9622390624999999 0.330078125 0.9830734375000001 0.33203125 0.98828125 0.3369140625 0.9921875 0.34765625 0.9908859375000001 0.35546875 0.98046875
0 0.466796875 0.89453125 0.46484375 0.87890625 0.4580078125 0.8723953124999999 0.4462890625 0.8723953124999999 0.44140625 0.87890625 0.44140625 0.8919265624999999 0.443359375 0.8971359375000001 0.4501953125 0.9036453124999999 0.462890625 0.90234375 0.466796875 0.89453125
0 0.93359375 0.54296875 0.935546875 0.5325515625 0.9267578125 0.5182296875 0.9189453125 0.515625 0.908203125 0.5247390625 0.90625 0.5403640625 0.9130859375 0.5520828125 0.9169921875 0.5546875 0.92578125 0.5533859375 0.93359375 0.54296875
0 0.64453125 0.1966140625 0.6357421875 0.1875 0.6259765625 0.1901046875 0.623046875 0.1940109375 0.623046875 0.2096359375 0.6298828125 0.21875 0.640625 0.2174484375 0.646484375 0.2122390625 0.64453125 0.1966140625
0 0.58203125 0.6783859375 0.58984375 0.6653640625 0.58984375 0.6497390625 0.5830078125 0.6354171875 0.5732421875 0.6302078125 0.5673828125 0.6302078125 0.560546875 0.63671875 0.556640625 0.6497390625 0.55859375 0.66796875 0.5693359375 0.6796875 0.58203125 0.6783859375