0 0.103515625 0.17578125 0.0966796875 0.1666671875 0.0888671875 0.1640625 0.08203125 0.1705734375 0.080078125 0.1861984375 0.0869140625 0.1979171875 0.09765625 0.1966140625 0.103515625 0.1888015625 0.103515625 0.17578125
0 0.310546875 0.2669265625 0.310546875 0.25390625 0.30859375 0.2486984375 0.3037109375 0.2421875 0.2900390625 0.2421875 0.28515625 0.2513015625 0.28515625 0.2643234375 0.2919921875 0.2734375 0.306640625 0.2721359375 0.310546875 0.2669265625
0 0.40234375 0.3190109375 0.408203125 0.3111984375 0.408203125 0.2955734375 0.4013671875 0.2864578125 0.3896484375 0.2838546875 0.3837890625 0.2864578125 0.376953125 0.2955734375 0.376953125 0.3059890625 0.3818359375 0.3151046875 0.3916015625 0.3203125 0.40234375 0.3190109375
0 0.525390625 0.12109375 0.5205078125 0.1171875 0.5126953125 0.1171875 0.505859375 0.12890625 0.5078125 0.13671875 0.5126953125 0.1432296875 0.5234375 0.1419265625 0.52734375 0.13671875 0.525390625 0.12109375
0 0.404296875 0.53515625 0.3994140625 0.5234375 0.3857421875 0.5208328125 0.376953125 0.5325515625 0.376953125 0.5455734375 0.3837890625 0.5572921875 0.39453125 0.5559890625 0.40234375 0.5455734375 0.404296875 0.53515625
0 0.0703125 0.7096359375 0.0673828125 0.703125 0.0556640625 0.6979171875 0.044921875 0.7096359375 0.04296875 0.7174484375 0.0517578125 0.7317703125 0.0625 0.73046875 0.068359375 0.7252609375 0.0703125 0.7096359375
0 0.234375 0.76953125 0.234375 0.7591140625 0.2255859375 0.75 0.2197265625 0.75 0.2109375 0.7591140625 0.208984375 0.7669265625 0.2138671875 0.7786453125 0.2177734375 0.78125 0.224609375 0.7799484375 0.234375 0.76953125
0 0.615234375 0.6809890625 0.6103515625 0.671875 0.5986328125 0.6692703125 0.587890625 0.6809890625 0.587890625 0.6940109375 0.5927734375 0.7005203125 0.609375 0.69921875 0.615234375 0.69140625 0.615234375 0.6809890625
0 0.7421875 0.8580734375000001 0.7509765625 0.8541671875000001 0.755859375 0.8450515624999999 0.751953125 0.8294265624999999 0.7470703125 0.8255203124999999 0.7373046875 0.8255203124999999 0.7333984375 0.828125 0.728515625 0.8372390624999999 0.73046875 0.8528640624999999 0.7392578125 0.859375 0.7421875 0.8580734375000001
0 0.740234375 0.9205734375000001 0.7431640625 0.9192703124999999 0.748046875 0.91015625 0.748046875 0.89453125 0.7412109375 0.8854171875000001 0.7333984375 0.8854171875000001 0.724609375 0.8919265624999999 0.72265625 0.8971359375000001 0.72265625 0.9127609375000001 0.7314453125 0.921875 0.740234375 0.9205734375000001
0 0.974609375 0.9544265624999999 0.974609375 0.9388015624999999 0.9677734375 0.9296875 0.9560546875 0.9296875 0.951171875 0.9361984375000001 0.951171875 0.9544265624999999 0.9560546875 0.9635421875000001 0.9599609375 0.9661453124999999 0.96484375 0.96484375 0.974609375 0.9544265624999999