0 0.3598953125 0.7041671875 0.3307296875 0.7041671875 0.3307296875 0.7416671874999999 0.3598953125 0.7416671874999999 0.3598953125 0.7041671875
0 0.56640625 0.11067656249999999 0.576171875 0.12109375 0.5869140625 0.12239531249999999 0.59375 0.11328125 0.595703125 0.10546875 0.595703125 0.09244843750000001 0.5849609375 0.08072968750000001 0.5751953125 0.08072968750000001 0.56640625 0.09244843750000001 0.56640625 0.11067656249999999
0 0.3896484375 0.1458328125 0.39453125 0.1471359375 0.3994140625 0.1484375 0.4052734375 0.1458328125 0.412109375 0.1341140625 0.412109375 0.12109375 0.4072265625 0.11197968750000001 0.4033203125 0.109375 0.3896484375 0.109375 0.3828125 0.11588593750000001 0.380859375 0.12109375 0.3828125 0.13671875 0.3896484375 0.1458328125
0 0.345703125 0.0455734375 0.353515625 0.0533859375 0.3642578125 0.0546875 0.373046875 0.0455734375 0.375 0.03515625 0.373046875 0.02734375 0.3662109375 0.0182296875 0.3583984375 0.015625 0.3564453125 0.0182296875 0.3505859375 0.0182296875 0.345703125 0.0247390625 0.345703125 0.0455734375
0 0.54296875 0.2252609375 0.55078125 0.23828125 0.5615234375 0.2395828125 0.572265625 0.2278640625 0.572265625 0.21484375 0.5654296875 0.2057296875 0.5517578125 0.2057296875 0.544921875 0.21484375 0.54296875 0.2252609375
0 0.95703125 0.7252609375 0.9609375 0.7278640625 0.9716796875 0.7291671875 0.98046875 0.7200515625 0.98046875 0.7044265625 0.9755859375 0.6953125 0.9716796875 0.6927078125 0.9599609375 0.6927078125 0.953125 0.7018234375 0.953125 0.71484375 0.95703125 0.7252609375
0 0.7705078125 0.5286453125 0.779296875 0.5325515625 0.7880859375 0.53125 0.794921875 0.5221359375 0.796875 0.5143234375 0.794921875 0.50390625 0.7880859375 0.4947921875 0.7744140625 0.4947921875 0.767578125 0.5013015625 0.765625 0.5065109375 0.765625 0.5221359375 0.7705078125 0.5286453125
0 0.552734375 0.5221359375 0.55859375 0.52734375 0.5673828125 0.5286453125 0.57421875 0.5221359375 0.576171875 0.5169265625 0.576171875 0.5065109375 0.5693359375 0.4947921875 0.5576171875 0.4947921875 0.55078125 0.5065109375 0.552734375 0.5221359375
0 0.396484375 0.43359375 0.404296875 0.44140625 0.4130859375 0.4427078125 0.419921875 0.4361984375 0.421875 0.4309890625 0.421875 0.41796875 0.4169921875 0.4114578125 0.4072265625 0.40625 0.3994140625 0.4088546875 0.39453125 0.4153640625 0.39453125 0.4283859375 0.396484375 0.43359375
0 0.369140625 0.3736984375 0.376953125 0.38671875 0.3876953125 0.3880203125 0.39453125 0.37890625 0.39453125 0.3684890625 0.3876953125 0.3567703125 0.3759765625 0.3567703125 0.369140625 0.3658859375 0.369140625 0.3736984375
0 0.650390625 0.94921875 0.65625 0.9544265624999999 0.6650390625 0.9557296875000001 0.669921875 0.9518234375000001 0.673828125 0.9440109375000001 0.673828125 0.9309890624999999 0.6669921875 0.921875 0.6552734375 0.921875 0.6484375 0.93359375 0.650390625 0.94921875
0 0.673828125 0.9856765624999999 0.6796875 0.9934890624999999 0.6923828125 0.9947921875000001 0.701171875 0.9856765624999999 0.701171875 0.9778640624999999 0.6943359375 0.9635421875000001 0.6865234375 0.9609375 0.6806640625 0.9635421875000001 0.67578125 0.9700515624999999 0.673828125 0.9856765624999999
0 0.439453125 0.9205734375000001 0.443359375 0.92578125 0.4521484375 0.9270828124999999 0.4560546875 0.9244796875000001 0.4609375 0.9127609375000001 0.4609375 0.90234375 0.4501953125 0.890625 0.4462890625 0.890625 0.439453125 0.8997390624999999 0.439453125 0.9205734375000001
0 0.359375 0.9205734375000001 0.36328125 0.92578125 0.3759765625 0.9270828124999999 0.37890625 0.9231765624999999 0.380859375 0.91015625 0.3740234375 0.8984375 0.3662109375 0.8984375 0.359375 0.9049484375000001 0.359375 0.9205734375000001
0 0.283203125 0.87890625 0.291015625 0.8893234375000001 0.2998046875 0.890625 0.310546875 0.87890625 0.310546875 0.87109375 0.3125 0.8684890624999999 0.3056640625 0.8567703124999999 0.2919921875 0.8541671875000001 0.28515625 0.8606765624999999 0.283203125 0.8658859375000001 0.283203125 0.87890625
0 0.12109375 0.9518234375000001 0.12890625 0.9622390624999999 0.1416015625 0.9635421875000001 0.15234375 0.9518234375000001 0.15234375 0.93359375 0.1455078125 0.921875 0.1416015625 0.9192703124999999 0.1318359375 0.9192703124999999 0.1240234375 0.9244796875000001 0.12109375 0.9309890624999999 0.12109375 0.9518234375000001
0 0.0830078125 0.8723953124999999 0.0859375 0.8736984375000001 0.0986328125 0.875 0.10546875 0.8658859375000001 0.103515625 0.8502609375000001 0.0947265625 0.8411453124999999 0.0830078125 0.84375 0.078125 0.8502609375000001 0.078125 0.86328125 0.0830078125 0.8723953124999999