0 0.896484375 0.1888015625 0.90234375 0.1966140625 0.9130859375 0.1979171875 0.919921875 0.1861984375 0.91796875 0.1705734375 0.9111328125 0.1640625 0.9033203125 0.1666671875 0.896484375 0.17578125 0.896484375 0.1888015625
0 0.689453125 0.2669265625 0.693359375 0.2721359375 0.7080078125 0.2734375 0.71484375 0.2643234375 0.71484375 0.2513015625 0.7099609375 0.2421875 0.6962890625 0.2421875 0.69140625 0.2486984375 0.689453125 0.25390625 0.689453125 0.2669265625
0 0.591796875 0.3111984375 0.59765625 0.3190109375 0.6083984375 0.3203125 0.6181640625 0.3151046875 0.623046875 0.3059890625 0.623046875 0.2955734375 0.6162109375 0.2864578125 0.6103515625 0.2838546875 0.5986328125 0.2864578125 0.591796875 0.2955734375 0.591796875 0.3111984375
0 0.47265625 0.13671875 0.4765625 0.1419265625 0.4873046875 0.1432296875 0.4921875 0.13671875 0.494140625 0.12890625 0.4873046875 0.1171875 0.4794921875 0.1171875 0.474609375 0.12109375 0.47265625 0.13671875
0 0.59765625 0.5455734375 0.60546875 0.5559890625 0.6162109375 0.5572921875 0.623046875 0.5455734375 0.623046875 0.5325515625 0.6142578125 0.5208328125 0.6005859375 0.5234375 0.595703125 0.53515625 0.59765625 0.5455734375
0 0.931640625 0.7252609375 0.9375 0.73046875 0.9482421875 0.7317703125 0.95703125 0.7174484375 0.955078125 0.7096359375 0.9443359375 0.6979171875 0.9326171875 0.703125 0.9296875 0.7096359375 0.931640625 0.7252609375
0 0.765625 0.76953125 0.775390625 0.7799484375 0.7822265625 0.78125 0.7861328125 0.7786453125 0.791015625 0.7669265625 0.7890625 0.7591140625 0.7802734375 0.75 0.7744140625 0.75 0.765625 0.7591140625 0.765625 0.76953125
0 0.384765625 0.69140625 0.390625 0.69921875 0.4072265625 0.7005203125 0.412109375 0.6940109375 0.412109375 0.6809890625 0.4013671875 0.6692703125 0.3896484375 0.671875 0.384765625 0.6809890625 0.384765625 0.69140625
0 0.2490234375 0.8541671875000001 0.2578125 0.8580734375000001 0.2607421875 0.859375 0.26953125 0.8528640624999999 0.271484375 0.8372390624999999 0.2666015625 0.828125 0.2626953125 0.8255203124999999 0.2529296875 0.8255203124999999 0.248046875 0.8294265624999999 0.244140625 0.8450515624999999 0.2490234375 0.8541671875000001
0 0.2568359375 0.9192703124999999 0.259765625 0.9205734375000001 0.2685546875 0.921875 0.27734375 0.9127609375000001 0.27734375 0.8971359375000001 0.275390625 0.8919265624999999 0.2666015625 0.8854171875000001 0.2587890625 0.8854171875000001 0.251953125 0.89453125 0.251953125 0.91015625 0.2568359375 0.9192703124999999
0 0.025390625 0.9544265624999999 0.03515625 0.96484375 0.0400390625 0.9661453124999999 0.0439453125 0.9635421875000001 0.048828125 0.9544265624999999 0.048828125 0.9361984375000001 0.0439453125 0.9296875 0.0322265625 0.9296875 0.025390625 0.9388015624999999 0.025390625 0.9544265624999999