0 0.556640625 0.31640625 0.560546875 0.32421875 0.5732421875 0.3255203125 0.578125 0.3216140625 0.58203125 0.3138015625 0.58203125 0.3033859375 0.5751953125 0.2942703125 0.5673828125 0.2916671875 0.556640625 0.30078125 0.556640625 0.31640625
0 0.36328125 0.0559890625 0.3671875 0.05859375 0.3740234375 0.0598953125 0.37890625 0.0559890625 0.380859375 0.05078125 0.380859375 0.0377609375 0.3740234375 0.03125 0.3642578125 0.0338546875 0.359375 0.04296875 0.36328125 0.0559890625
0 0.2060546875 0.1848953125 0.2109375 0.1861984375 0.2138671875 0.1875 0.2177734375 0.1848953125 0.22265625 0.17578125 0.22265625 0.16796875 0.2177734375 0.1614578125 0.2099609375 0.1614578125 0.205078125 0.1653640625 0.203125 0.1705734375 0.203125 0.1809890625 0.2060546875 0.1848953125
0 0.33203125 0.5221359375 0.33984375 0.5325515625 0.3505859375 0.5338546875 0.359375 0.51953125 0.357421875 0.5065109375 0.3505859375 0.4973953125 0.3447265625 0.4947921875 0.3388671875 0.4973953125 0.330078125 0.51171875 0.33203125 0.5221359375
0 0.44140625 0.6940109375 0.4453125 0.69921875 0.4560546875 0.7005203125 0.4609375 0.6966140625 0.4609375 0.6809890625 0.4521484375 0.671875 0.4443359375 0.6744796875 0.439453125 0.68359375 0.44140625 0.6940109375
0 0.451171875 0.83984375 0.455078125 0.8424484375000001 0.4677734375 0.84375 0.47265625 0.8372390624999999 0.474609375 0.8190109375000001 0.4677734375 0.8072921875000001 0.4521484375 0.8098953124999999 0.4453125 0.8216140624999999 0.451171875 0.83984375
0 0.4013671875 0.7578125 0.40625 0.7591140625 0.4150390625 0.7578125 0.419921875 0.7486984375 0.419921875 0.73828125 0.4130859375 0.7265625 0.4052734375 0.7265625 0.3984375 0.7330734375 0.3984375 0.7513015625 0.4013671875 0.7578125
0 0.109375 0.7981765625 0.115234375 0.8059890624999999 0.1220703125 0.8072921875000001 0.1328125 0.7955734375 0.1328125 0.7825515625 0.1259765625 0.7734375 0.1201171875 0.7708328125 0.1142578125 0.7734375 0.109375 0.7799484375 0.109375 0.7981765625
0 0.0703125 0.8919265624999999 0.07421875 0.89453125 0.0810546875 0.8958328124999999 0.08984375 0.8893234375000001 0.09375 0.8736984375000001 0.0888671875 0.8645828124999999 0.0771484375 0.8619796875000001 0.0712890625 0.8645828124999999 0.06640625 0.8736984375000001 0.06640625 0.8815109375000001 0.0703125 0.8919265624999999
0 0.150390625 0.54296875 0.16015625 0.55859375 0.1748046875 0.5598953125 0.181640625 0.55078125 0.18359375 0.53515625 0.1787109375 0.5234375 0.1708984375 0.5182296875 0.1611328125 0.5182296875 0.15234375 0.5299484375 0.150390625 0.54296875
0 0.0126953125 0.5625 0.017578125 0.5638015625 0.0224609375 0.5651046875 0.0302734375 0.5598953125 0.03515625 0.5481765625 0.033203125 0.53515625 0.0244140625 0.5260421875 0.0126953125 0.5286453125 0.005859375 0.5403640625 0.0078125 0.5559890625 0.0126953125 0.5625