0 0.044921875 0.51171875 0.044921875 0.49609375 0.0419921875 0.4921875 0.0322265625 0.4947921875 0.02734375 0.5013015625 0.025390625 0.5091140625 0.02734375 0.5169265625 0.0322265625 0.5234375 0.0390625 0.5221359375 0.044921875 0.51171875
0 0.146484375 0.7486984375 0.146484375 0.7356765625 0.1357421875 0.7239578125 0.1240234375 0.7265625 0.119140625 0.7330734375 0.1171875 0.7408859375 0.119140625 0.7486984375 0.1279296875 0.7578125 0.138671875 0.7565109375 0.146484375 0.7486984375
0 0.287109375 0.97265625 0.2783203125 0.9583328124999999 0.2666015625 0.9583328124999999 0.2578125 0.9674484375000001 0.2578125 0.9830734375000001 0.2685546875 0.9947921875000001 0.27734375 0.9934890624999999 0.28515625 0.9856765624999999 0.287109375 0.97265625
0 0.5390625 0.0611984375 0.5390625 0.0455734375 0.5302734375 0.0364578125 0.5224609375 0.0364578125 0.515625 0.04296875 0.513671875 0.05859375 0.515625 0.06380156249999999 0.5224609375 0.0703125 0.53125 0.06901093750000001 0.5390625 0.0611984375
0 0.556640625 0.3450515625 0.55859375 0.3372390625 0.556640625 0.32421875 0.5537109375 0.3203125 0.5439453125 0.3203125 0.53515625 0.3294265625 0.533203125 0.33984375 0.5400390625 0.3515625 0.552734375 0.3502609375 0.556640625 0.3450515625
0 0.50390625 0.5169265625 0.5068359375 0.515625 0.509765625 0.5091140625 0.509765625 0.4986984375 0.5068359375 0.4921875 0.4970703125 0.4895828125 0.4921875 0.4934890625 0.490234375 0.5065109375 0.4951171875 0.515625 0.4990234375 0.5182296875 0.50390625 0.5169265625
0 0.494140625 0.7643234375 0.5029296875 0.7630203125 0.5078125 0.7565109375 0.509765625 0.74609375 0.5048828125 0.7369796875 0.4970703125 0.7317703125 0.4873046875 0.7317703125 0.482421875 0.73828125 0.482421875 0.7513015625 0.4892578125 0.7630203125 0.494140625 0.7643234375
0 0.677734375 0.9075515624999999 0.67578125 0.8997390624999999 0.6669921875 0.8854171875000001 0.6572265625 0.8854171875000001 0.6533203125 0.8880203124999999 0.6484375 0.9049484375000001 0.650390625 0.9153640624999999 0.6591796875 0.9244796875000001 0.669921875 0.9231765624999999 0.677734375 0.9075515624999999
0 0.705078125 0.95703125 0.7109375 0.9518234375000001 0.712890625 0.94140625 0.7041015625 0.9270828124999999 0.6943359375 0.9270828124999999 0.689453125 0.93359375 0.6875 0.94140625 0.689453125 0.94921875 0.69140625 0.9544265624999999 0.6962890625 0.9583328124999999 0.705078125 0.95703125
0 0.8017578125 0.671875 0.8046875 0.6653640625 0.8046875 0.65234375 0.7958984375 0.6380203125 0.7919921875 0.6380203125 0.787109375 0.6471359375 0.787109375 0.6627609375 0.7939453125 0.671875 0.798828125 0.6731765625 0.8017578125 0.671875
0 0.947265625 0.5091140625 0.953125 0.5013015625 0.953125 0.48828125 0.9462890625 0.4791671875 0.9384765625 0.4791671875 0.931640625 0.4856765625 0.9296875 0.4934890625 0.931640625 0.49609375 0.931640625 0.50390625 0.9384765625 0.5104171875 0.947265625 0.5091140625